FID,OBJECTID,Place,Name,cdp_name,citycode,anglo,asian,hisp,total,vap,black,bh,nanglo,anglovap,hispvap,bhvap,blackvap,asianvap,nanglovap,Shape_Leng,Shape_Area
0,1,1060,Abram,Abram,1060,17,1,1085,1108,807,3,1086,1091,17,785,786,2,0,790,15323.350727400000324,8053107.666880000382662
1,2,1084,Acala,Acala,1084,0,0,11,11,10,0,11,11,0,10,10,0,0,10,10828.011662299999443,7328542.782929999753833
2,3,1390,Agua Dulce,Agua Dulce,1390,48,7,3149,3218,2190,14,3158,3170,32,2143,2150,9,5,2158,25802.612457399998675,20109586.523600000888109
3,4,1420,Aguilares,Aguilares,1420,1,0,5,6,3,0,5,5,1,2,2,0,0,2,5146.931278740000380,776990.898450999986380
4,5,1500,Airport Heights,Airport Heights,1500,10,0,141,151,107,0,141,141,8,99,99,0,0,99,1826.372050660000014,102743.690598999994108
5,6,1514,Airport Road Addition,Airport Road Addition,1514,3,0,90,96,78,0,90,93,1,74,74,0,0,77,11505.763166200000342,5477747.350840000435710
6,7,1594,Alamo Beach,Alamo Beach,1594,187,4,47,254,215,8,50,67,167,30,32,3,4,48,8789.956918800000494,2289552.080500000156462
7,8,1612,Alanreed,Alanreed,1612,23,0,0,23,23,0,0,0,23,0,0,0,0,0,5007.925479550000091,1192949.170320000033826
8,9,1696,Aldine,Aldine,1696,1288,252,13984,15999,11011,463,14369,14711,1089,9353,9640,334,221,9922,21482.852454299998499,20341073.560199998319149
9,10,1816,Alfred,Alfred,1816,26,1,53,82,66,4,56,56,20,43,46,3,0,46,7587.463072960000318,3222889.446119999978691
10,11,1858,Alice Acres,Alice Acres,1858,35,5,403,465,345,12,410,430,31,293,300,8,5,314,16370.376804499999707,15257907.856699999421835
11,12,2032,Allison,Allison,2032,117,0,5,125,92,2,6,8,90,0,0,0,0,2,9783.280901419999282,5285953.470630000345409
12,13,2194,Alto Bonito Heights,Alto Bonito Heights,2194,1,0,295,296,221,0,295,295,0,221,221,0,0,221,1537.512271909999981,133655.767002000007778
13,14,2286,Amada Acres,Amada Acres,2286,1,1,78,79,59,0,78,78,1,58,58,0,0,58,2017.424032390000093,187675.493449000001419
14,15,2290,Amargosa,Amargosa,2290,10,0,293,305,205,3,295,295,10,194,195,2,0,195,8885.069962449999366,3941492.206189999822527
15,16,3008,Amaya,Amaya,3008,2,0,102,108,61,5,105,106,2,59,59,0,0,59,3764.006427859999803,593840.590349999954924
16,17,3096,Amistad,Amistad,3096,16,2,6,24,20,1,6,8,16,3,3,0,1,4,20327.335065899998881,3898619.351360000204295
17,18,3126,Anacua,Anacua,3126,0,0,23,24,17,0,23,24,0,16,16,0,0,17,1145.819177470000113,69007.869470499994350
18,19,4174,Arroyo Colorado Estates,Arroyo Colorado Estates,4174,18,0,812,833,581,1,812,815,16,562,562,1,0,565,7318.102944260000186,2852381.480789999943227
19,20,4176,Arroyo Gardens,Arroyo Gardens,4176,44,1,373,420,312,2,374,376,34,276,277,1,1,278,16671.002526000000216,10346514.496500000357628
20,21,4462,Atascocita,Atascocita,4462,34319,3919,26776,88174,63230,22361,48162,53855,26483,17688,32659,15408,2741,36747,106345.199280999993789,61990133.294799998402596
21,22,5180,Bacliff,Bacliff,5180,4606,279,3962,9677,7117,627,4558,5071,3771,2545,2922,393,226,3346,13269.831979799999317,6561161.410729999653995
22,23,5520,B and E,B and E,5520,13,0,475,489,316,0,475,476,8,307,307,0,0,308,2626.861478570000145,181013.209382000000915
23,24,5576,Banquete,Banquete,5576,55,2,679,745,568,13,687,690,44,515,522,11,0,524,12261.744587699999101,6087605.779000000096858
24,25,5648,Barksdale,Barksdale,5648,81,1,7,91,73,3,9,10,65,5,7,3,1,8,8652.262069360000169,2304766.080630000215024
25,26,5690,Barrera,Barrera,5690,7,1,114,122,92,0,114,115,3,88,88,0,1,89,1053.480577410000024,64892.014151299998048
26,27,5696,Barrett,Barrett,5696,554,36,2190,5223,3651,2427,4583,4669,412,1312,3183,1893,25,3239,23103.175829399999202,17075503.917899999767542
27,28,5750,Barton Creek,Barton Creek,5750,2736,197,306,3356,2813,57,358,620,2364,217,256,39,142,449,21743.053302500000427,12644088.413100000470877
28,29,5924,Batesville,Batesville,5924,71,5,706,787,599,4,709,716,50,543,543,1,5,549,23024.603003899999749,15285834.376000000163913
29,30,6244,Bear Creek Ranch,Bear Creek Ranch,6244,54,16,228,1787,1233,1508,1708,1733,38,141,1181,1054,12,1195,5630.717100789999677,1552914.380649999948218
30,31,7036,Beauxart Gardens,Beauxart Gardens,7036,852,23,137,1064,854,14,149,212,710,92,98,8,13,144,6809.171678869999596,2327005.260639999993145
31,32,7042,Beaver Creek,Beaver Creek,7042,547,6,256,910,669,63,311,363,420,182,209,30,5,249,13917.265616399999999,8095439.683989999815822
32,33,7486,Belterra,Belterra,7486,4651,407,869,6170,4007,140,990,1519,3114,483,555,78,246,893,12336.958658699999432,6049321.673010000027716
33,34,7516,Ben Arnold,Ben Arnold,7516,62,1,42,117,96,18,52,55,59,26,34,9,1,37,18048.471928899998602,15551657.496300000697374
34,35,7540,Ben Bolt,Ben Bolt,7540,159,1,1486,1662,1266,10,1491,1503,135,1118,1123,8,1,1131,26467.210222400000930,31689192.376499999314547
35,36,7642,Benjamin Perez,Benjamin Perez,7642,0,0,29,29,19,0,29,29,0,19,19,0,0,19,1021.796457339999961,54420.373154100001557
36,37,7708,Ben Wheeler,Ben Wheeler,7708,345,5,86,456,360,9,95,111,274,65,72,7,3,86,15317.179679299999407,7783275.888109999708831
37,38,8164,Bigfoot,Bigfoot,8164,292,0,174,480,393,5,179,188,239,141,145,4,0,154,32716.617896200001269,61782040.309000000357628
38,39,8240,Big Thicket Lake Estates,Big Thicket Lake Estates,8240,442,2,38,514,406,6,42,72,363,20,22,3,1,43,10957.950800200000231,6508850.730849999934435
39,40,8404,Bivins,Bivins,8404,111,1,10,153,131,22,32,42,98,5,25,20,1,33,11879.294915300000866,3678709.954499999992549
40,41,8410,Bixby,Bixby,8410,28,4,316,352,259,0,316,324,24,229,229,0,3,235,10448.200480400000743,4122491.123490000143647
41,42,8644,Bledsoe,Bledsoe,8644,22,0,34,56,39,1,34,34,16,23,23,0,0,23,4525.064860819999922,921274.515657000010833
42,43,8668,Blessing,Blessing,8668,288,1,539,856,623,19,552,568,229,369,381,15,0,394,13481.202165700000478,5262285.635700000450015
43,44,8800,Bloomington,Bloomington,8800,343,5,1610,2082,1466,113,1707,1739,290,1063,1149,88,4,1176,13476.249326099999962,6846734.839069999754429
44,45,8830,Blue Berry Hill,Blue Berry Hill,8830,111,3,716,844,611,10,724,733,86,518,521,3,2,525,11603.464688500000193,7529745.941499999724329
45,46,8908,Bluetown,Bluetown,8908,38,0,448,491,351,1,448,453,29,317,317,0,0,322,19906.142707800001517,7799030.273459999822080
46,47,8932,Bluff Dale,Bluff Dale,8932,137,0,5,151,116,3,8,14,103,4,7,3,0,13,4489.793526940000447,811843.117455000057817
47,48,9232,Boling,Boling,9232,279,5,559,930,700,84,630,651,237,385,446,65,5,463,17237.232017499998619,12201501.633999999612570
48,49,9250,Bolivar Peninsula,Bolivar Peninsula,9250,2289,37,320,2769,2445,37,348,480,2096,222,247,28,27,349,110026.989048999996157,124286784.060000002384186
49,50,9310,Bonanza Hills,Bonanza Hills,9310,4,2,57,61,46,2,57,57,3,43,43,2,2,43,6821.791687599999932,2881190.593419999815524
50,51,9598,Botines,Botines,9598,4,0,145,149,108,1,145,145,3,105,105,1,0,105,11167.880569999999352,4918776.415590000338852
51,52,9656,Box Canyon,Box Canyon,9656,19,0,8,29,29,0,8,10,19,8,8,0,0,10,17289.950048599999718,3731848.324889999814332
52,53,9796,Boys Ranch,Boys Ranch,9796,108,4,33,173,50,31,60,65,34,8,15,9,0,16,9122.605637320000824,4170201.984269999898970
53,54,10084,Brazos,Brazos,10084,90,0,19,112,80,0,19,22,64,13,13,0,0,16,4582.654221709999547,882796.435811999952421
54,55,10192,Briar,Briar,10192,5605,86,914,7035,5490,120,1017,1430,4541,559,621,64,59,949,52773.371298899997782,56632711.784800000488758
55,56,10276,Briggs,Briggs,10276,76,0,20,101,87,3,21,25,67,16,16,2,0,20,6326.798955530000057,1418508.425959999905899
56,57,10336,Bristol,Bristol,10336,526,11,129,714,575,38,161,188,449,81,105,27,7,126,20482.631691899998259,15176619.073100000619888
57,58,10660,Brookston,Brookston,10660,67,0,1,91,65,19,20,24,46,0,17,17,0,19,7004.439208400000098,1914343.680429999949411
58,59,10852,Brundage,Brundage,10852,0,1,12,12,10,1,12,12,0,10,10,1,1,10,5003.951144110000314,1579237.087629999965429
59,60,10876,Bruni,Bruni,10876,17,0,233,251,196,2,234,234,15,180,181,1,0,181,7864.835795029999645,3404902.845280000008643
60,61,10897,Brushy Creek,Brushy Creek,10897,13312,3543,3661,22519,16322,1528,5050,9207,10117,2453,3406,1020,2357,6205,32015.589522900001612,16751112.331800000742078
61,62,10984,Buchanan Dam,Buchanan Dam,10984,1310,14,113,1508,1346,8,120,198,1205,73,78,6,12,141,47281.737147899999400,52159416.458999998867512
62,63,10990,Buchanan Lake Village,Buchanan Lake Village,10990,625,5,36,720,607,10,46,95,543,24,24,0,4,64,11327.942033400000582,8565684.057119999080896
63,64,11102,Buena Vista,Buena Vista,11102,8,0,85,93,58,0,85,85,3,55,55,0,0,55,1191.226669330000050,84820.213623200004804
64,65,11236,Buna,Buna,11236,1719,12,99,2137,1647,262,356,418,1347,70,250,182,10,300,24085.921549099999538,15472817.515699999406934
65,66,11440,Burlington,Burlington,11440,44,0,34,81,64,1,35,37,42,21,21,0,0,22,16258.657435700000860,10367294.753200000151992
66,67,11572,Bushland,Bushland,11572,1815,13,272,2234,1539,36,306,419,1295,165,179,16,7,244,17505.534022100000584,15487206.665500000119209
67,68,11626,Butterfield,Butterfield,11626,8,0,90,100,81,2,91,92,7,73,73,1,0,74,12752.367039799999475,8315330.459169999696314
68,69,11725,Cade Lakes,Cade Lakes,11725,322,4,160,507,388,8,168,185,265,103,108,5,3,123,10841.993097799999305,5315884.152510000392795
69,70,11940,Callender Lake,Callender Lake,11940,932,3,79,1090,913,44,121,158,812,46,69,25,1,101,14949.513478999999279,11811718.493799999356270
70,71,12010,Camargito,Camargito,12010,6,1,315,324,224,2,317,318,0,222,224,2,0,224,2723.316065580000213,191596.739409000001615
71,72,12045,Cameron Park,Cameron Park,12045,73,9,6009,6099,4175,17,6013,6026,51,4111,4115,14,5,4124,5528.606265620000158,1444654.624189999885857
72,73,12226,Campo Verde,Campo Verde,12226,1,0,110,111,87,0,110,110,0,87,87,0,0,87,1155.437998650000054,83869.624821399993380
73,74,12334,Camp Swift,Camp Swift,12334,2476,42,4782,7943,5849,563,5287,5467,2091,3212,3629,438,30,3758,30605.035802300000796,31312993.616000000387430
74,75,12502,Cantu Addition,Cantu Addition,12502,17,4,171,191,131,1,171,174,14,114,114,0,3,117,3644.189028289999897,779893.070671000052243
75,76,12508,Canutillo,Canutillo,12508,413,76,5598,6212,4632,109,5692,5799,356,4127,4198,76,51,4276,24552.303127200000745,7498998.124920000322163
76,77,12562,Canyon Creek,Canyon Creek,12562,1011,13,149,1249,957,26,171,238,792,106,123,17,12,165,11896.345676000000822,6611137.776170000433922
77,78,12580,Canyon Lake,Canyon Lake,12580,23227,488,5702,31124,25564,656,6239,7897,19835,4012,4393,446,336,5729,98347.653352599998470,402896586.103999972343445
78,79,12600,Cape Royale,Cape Royale,12600,588,4,25,657,598,23,46,69,547,17,33,16,1,51,13186.296464400000332,9489150.547240000218153
79,80,12892,Carlsbad,Carlsbad,12892,396,10,153,622,506,50,202,226,339,110,153,43,8,167,9278.300627110000278,4005154.097810000181198
80,81,12904,Carlton,Carlton,12904,83,0,12,102,77,1,13,19,64,10,10,0,0,13,8815.017695160000585,2019441.806460000108927
81,82,12982,Carrizo Hill,Carrizo Hill,12982,22,0,528,550,388,0,528,528,20,368,368,0,0,368,6273.092261359999611,1242598.943260000087321
82,83,13075,Carter,Carter,13075,1134,23,331,1637,1191,43,373,503,888,196,214,18,10,303,23948.547032300000865,16628936.328900000080466
83,84,13128,Casa Blanca,Casa Blanca,13128,0,1,64,65,42,1,65,65,0,42,42,0,0,42,1218.574928309999905,88517.180617699996219
84,85,13150,Casas,Casas,13150,0,0,29,29,24,0,29,29,0,24,24,0,0,24,629.866025211999954,23313.804438200000732
85,86,13324,Catarina,Catarina,13324,9,0,61,70,64,0,61,61,9,55,55,0,0,55,17967.651248699999996,9776318.924729999154806
86,87,13432,Cedar Creek,Cedar Creek,13432,893,29,1990,3154,2218,171,2146,2261,754,1246,1365,126,20,1464,41768.536442600001465,46529477.306800000369549
87,88,13570,Cedar Point,Cedar Point,13570,724,8,67,851,709,20,86,127,606,53,70,17,6,103,8427.601991379999163,4806986.273710000328720
88,89,13828,Center Point,Center Point,13828,842,13,364,1263,984,12,372,421,704,234,241,8,6,280,22406.503661099999590,13930644.096300000324845
89,90,13972,Central Gardens,Central Gardens,13972,3297,153,666,4373,3433,184,843,1076,2692,446,561,116,114,741,13927.174246299999140,6700979.946979999542236
90,91,14038,César Chávez,César Chávez,14038,122,4,1470,1608,1156,11,1472,1486,114,1029,1030,9,3,1042,11668.515207700000246,6704081.949239999987185
91,92,14236,Channelview,Channelview,14236,6120,784,32642,45688,31351,6285,38428,39568,5120,21182,25310,4370,613,26231,90118.833521699998528,45774970.641999997198582
92,93,14266,Chaparrito,Chaparrito,14266,0,0,139,142,98,0,139,142,0,97,97,0,0,98,2338.534347679999883,250501.264571999985492
93,94,14290,Chapeno,Chapeno,14290,4,0,38,42,32,1,38,38,4,28,28,1,0,28,2843.688347790000080,207762.248225999996066
94,95,14692,Chilton,Chilton,14692,194,4,470,776,556,92,559,582,159,308,378,70,4,397,16067.624309099999664,10247852.049799999222159
95,96,14740,China Spring,China Spring,14740,1074,8,284,1436,1016,35,316,362,799,162,188,27,3,217,17823.931857700001274,11919524.851999999955297
96,97,14872,Christoval,Christoval,14872,320,2,136,482,375,9,140,162,267,82,86,8,0,108,8075.276336349999838,3418245.825040000025183
97,98,14880,Chula Vista,Chula Vista (Cameron),14880,7,2,248,257,197,0,248,250,7,190,190,0,0,190,3313.160955010000180,475550.882082000025548
98,99,14881,Chula Vista,Chula Vista (Maverick),14881,42,11,5006,5100,3347,12,5013,5058,31,3282,3288,10,9,3316,15984.861063000000286,8602294.157740000635386
99,100,14882,Chula Vista,Chula Vista (Zavala),14882,5,1,296,307,229,4,300,302,3,221,224,3,1,226,7105.432295020000311,1384952.756989999907091
100,101,14927,Cienegas Terrace,Cienegas Terrace,14927,81,10,2922,3025,2095,14,2931,2944,54,2031,2037,8,4,2041,14038.175461900000300,8381323.847330000251532
101,102,14929,Cinco Ranch,Cinco Ranch,14929,10054,2806,2890,16899,12435,801,3623,6845,7723,1927,2448,556,1923,4712,43301.017128300001787,11389206.597500000149012
102,103,14986,Circle D-KC Estates,Circle D-KC Estates,14986,1633,33,736,2588,2057,80,805,955,1415,481,528,53,18,642,35009.350310699999682,24180775.096700001507998
103,104,15028,Citrus City,Citrus City,15028,56,9,3224,3291,1943,3,3225,3235,22,1913,1914,3,7,1921,10393.017909500000314,5308329.105480000376701
104,105,15232,Clay,Clay,15232,2,1,29,139,102,109,136,137,1,22,100,79,1,101,15671.894636200000605,11520352.931299999356270
105,106,15628,Cloverleaf,Cloverleaf,15628,2829,312,18604,24100,16728,2455,20857,21271,2418,12172,13975,1899,243,14310,26902.941979300001549,7933625.342650000005960
106,107,16110,Colorado Acres,Colorado Acres,16110,0,0,127,127,87,0,127,127,0,87,87,0,0,87,15705.439505300000747,7612410.991499999538064
107,108,16228,Comfort,Comfort,16228,972,11,1143,2211,1719,20,1159,1239,856,784,797,14,10,863,16121.123762799999895,8968329.539419999346137
108,109,16300,Concepcion,Concepcion,16300,0,1,41,42,42,0,41,42,0,41,41,0,1,42,2721.514492530000098,206371.914095999993151
109,110,17236,Country Acres,Country Acres,17236,89,2,61,163,138,8,69,74,73,54,62,8,2,65,2321.126814900000227,288831.045727999997325
110,111,17408,Coyanosa,Coyanosa,17408,4,0,149,155,120,1,149,151,4,115,115,0,0,116,3529.893430120000176,555763.519010000047274
111,112,17426,Coyote Acres,Coyote Acres,17426,56,1,499,570,396,5,503,514,41,342,345,3,0,355,16134.316557500000272,13269586.134800000116229
112,113,17756,Crosby,Crosby,17756,1497,46,1466,3417,2301,377,1812,1920,1115,902,1108,222,38,1186,13504.766074400000434,5762538.197519999928772
113,114,17811,Cross Mountain,Cross Mountain,17811,2116,311,1303,3944,2922,169,1453,1828,1656,903,1001,111,196,1266,18430.309509399998205,15805028.896299999207258
114,115,18104,Cuevitas,Cuevitas,18104,0,1,31,33,25,0,31,33,0,23,23,0,1,25,4500.077361730000121,867747.723444000002928
115,116,18134,Cumings,Cumings,18134,840,77,964,2207,1475,303,1250,1367,605,610,789,190,51,870,13723.534738599999400,4981314.736519999802113
116,117,19108,Damon,Damon,19108,261,2,149,436,334,5,153,175,213,107,109,2,0,121,11000.986320500000147,3598843.862240000162274
117,118,19492,Deanville,Deanville,19492,58,2,1,63,50,3,4,5,48,1,2,1,0,2,4199.873241280000002,601927.813282000017352
118,119,19632,Deerwood,Deerwood,19632,74,7,1638,1745,1136,14,1647,1671,61,1061,1067,11,3,1075,5035.595506329999807,1470749.107910000020638
119,120,19714,Del Mar Heights,Del Mar Heights,19714,3,0,75,78,53,0,75,75,1,52,52,0,0,52,5905.901571749999675,1135264.109729999909177
120,121,19732,Delmita,Delmita,19732,4,0,181,186,141,1,181,182,4,136,136,1,0,137,20259.318597500001488,8091666.710400000214577
121,122,19808,Del Sol,Del Sol,19808,36,3,286,333,220,15,292,297,25,187,190,5,3,195,6431.507062130000122,2219769.163060000166297
122,123,19924,Dennis,Dennis,19924,652,5,57,727,501,4,60,75,464,28,29,1,2,37,11186.536388399999851,3969449.415020000189543
123,124,20212,Deweyville,Deweyville,20212,523,2,15,571,446,14,29,48,414,6,14,8,2,32,31263.944531500001176,29121353.186200000345707
124,125,20248,D'Hanis,D'Hanis,20248,434,5,328,785,656,12,335,351,385,254,257,5,5,271,16122.743859700000030,6790357.317800000309944
125,126,20452,Dime Box,Dime Box,20452,108,1,67,207,158,31,95,99,93,44,62,18,0,65,8439.641171159999431,1854979.555729999905452
126,127,20734,Doffing,Doffing,20734,49,3,5543,5618,3740,24,5551,5569,38,3685,3692,14,3,3702,15075.183430999999473,11251846.409900000318885
127,128,20926,Doolittle,Doolittle,20926,84,1,3942,4061,2597,17,3948,3977,59,2514,2520,13,1,2538,20144.207198500000231,11119905.892000000923872
128,129,21412,Driftwood,Driftwood,21412,93,5,9,106,86,0,9,13,80,2,2,0,2,6,9133.149185169999328,3337519.232789999805391
129,130,21958,East Alto Bonito,East Alto Bonito,21958,9,0,894,905,636,6,895,896,9,625,626,4,0,627,2197.651464890000170,291518.665610000025481
130,131,22000,East Columbia,East Columbia,22000,93,9,22,128,112,5,24,35,84,16,18,3,8,28,7769.786006520000228,1812949.196860000025481
131,132,22593,Edgewater Estates,Edgewater Estates,22593,30,2,34,71,61,1,35,41,30,25,26,1,1,31,1641.062116470000092,130669.289118999993661
132,133,22768,Edroy,Edroy,22768,115,2,295,422,331,6,298,307,89,234,235,1,2,242,11106.976750300000276,5715260.840090000070632
133,134,22810,Eidson Road,Eidson Road,22810,88,12,9327,9461,6544,22,9335,9373,55,6462,6466,11,8,6489,22429.188283600000432,18913626.141199998557568
134,135,22840,Elbert,Elbert,22840,24,1,3,29,19,1,4,5,16,1,2,1,1,3,21823.398398699999234,15535929.245799999684095
135,136,22853,El Brazil,El Brazil,22853,2,0,49,53,38,1,50,51,2,35,36,1,0,36,3315.213816339999994,469236.449007000017446
136,137,22858,El Camino Angosto,El Camino Angosto,22858,10,2,169,186,140,0,169,176,7,126,126,0,2,133,4241.910077079999610,841826.856299999984913
137,138,22892,El Castillo,El Castillo,22892,1,1,218,219,143,1,218,218,1,142,142,0,0,142,1523.696821839999984,72243.122824299993226
138,139,22898,El Cenizo,El Cenizo,22898,3,0,270,273,174,2,270,270,0,174,174,0,0,174,1354.398636769999939,76983.824059000005946
139,140,22920,El Chaparral,El Chaparral,22920,6,1,458,467,350,3,461,461,6,342,344,2,0,344,2345.380601719999959,254399.099656000005780
140,141,23062,Elias-Fela Solis,Elias-Fela Solis,23062,0,0,17,17,16,0,17,17,0,16,16,0,0,16,3532.728821839999910,629438.935703999944963
141,142,23080,El Indio,El Indio,23080,2,3,173,182,135,6,174,180,2,129,129,3,1,133,14666.582891500000187,4553240.991310000419617
142,143,23254,Elm Creek,Elm Creek,23254,37,0,2839,2884,1976,7,2840,2847,23,1946,1947,5,0,1953,13485.355560100000730,7428757.135370000265539
143,144,23278,El Mesquite,El Mesquite,23278,5,0,44,50,36,0,44,45,2,33,33,0,0,34,694.850286884999946,19424.392923700001120
144,145,23356,Elmo,Elmo,23356,537,3,197,803,616,27,223,266,441,117,138,22,0,175,19017.916841599999316,11491893.372400000691414
145,146,23398,E. Lopez,E. Lopez,23398,0,0,136,136,100,0,136,136,0,100,100,0,0,100,1105.007727310000064,53693.549234799997066
146,147,24013,El Quiote,El Quiote,24013,2,0,223,226,158,2,224,224,2,155,156,2,0,156,1624.416194079999968,131846.456120999995619
147,148,24015,El Rancho Vela,El Rancho Vela,24015,1,0,253,254,180,0,253,253,0,180,180,0,0,180,3307.080901320000066,335455.954086999990977
148,149,24018,El Refugio,El Refugio,24018,6,2,401,407,300,4,401,401,4,296,296,4,2,296,6151.165344689999984,1620806.914570000022650
149,150,24055,El Socio,El Socio,24055,0,0,103,104,76,1,104,104,0,75,76,1,0,76,1111.833546029999980,29155.267534899998282
150,151,24158,Emerald Bay,Emerald Bay,24158,1082,15,14,1146,1033,17,29,64,980,10,23,14,11,53,7770.441672869999820,3962165.740509999915957
151,152,24223,Encantada-Ranchito-El Calaboz,Encantada-Ranchito-El Calaboz,24223,59,3,1899,1981,1397,16,1908,1922,34,1349,1356,9,3,1363,21904.125060099999246,6864854.670680000446737
152,153,24252,Encino,Encino,24252,9,1,95,109,92,1,96,100,9,79,80,1,1,83,27887.842101800000819,17405052.410399999469519
153,154,24738,Eugenio Saenz,Eugenio Saenz,24738,2,1,177,182,127,1,177,180,2,124,124,0,1,125,1134.572115180000083,75383.704261999999289
154,155,24840,Evadale,Evadale,24840,1135,8,48,1246,960,17,65,111,892,31,41,10,3,68,40541.503021700002137,45582912.508900001645088
155,156,24894,Evergreen,Evergreen,24894,4,0,74,80,64,1,75,76,2,61,61,0,0,62,723.194685224999944,27648.347401200000604
156,157,25032,Fabens,Fabens,25032,149,18,7315,7498,5437,34,7331,7349,111,5301,5315,27,15,5326,17573.287539299999480,11213263.197799999266863
157,158,25038,Fabrica,Fabrica,25038,14,3,750,772,563,0,750,758,12,548,548,0,3,551,3819.661227470000085,807395.542368000023998
158,159,25338,Falconaire,Falconaire,25338,0,0,91,92,73,0,91,92,0,72,72,0,0,73,3771.459767039999861,507436.806902999989688
159,160,25344,Falcon Heights,Falcon Heights,25344,1,0,17,18,18,0,17,17,1,17,17,0,0,17,2285.281221079999796,170045.791534999996657
160,161,25348,Falcon Lake Estates,Falcon Lake Estates,25348,99,1,856,962,662,1,856,863,89,568,568,0,0,573,8690.976485929999399,3980089.188589999917895
161,162,25352,Falcon Mesa,Falcon Mesa,25352,133,1,386,523,383,2,388,390,133,248,250,2,1,250,15033.603297699999530,8978948.404170000925660
162,163,25356,Falcon Village,Falcon Village,25356,0,0,3,3,1,0,3,3,0,1,1,0,0,1,11840.139205800000127,2160859.702829999849200
163,164,25397,Falman,Falman,25397,32,2,22,60,50,1,22,28,32,14,14,1,1,18,1771.664785400000028,195037.749527000007220
164,165,25404,Fannett,Fannett,25404,1785,75,260,2363,1839,183,436,578,1432,170,296,127,64,407,22896.119466500000271,25501142.179600000381470
165,166,25512,Farnsworth,Farnsworth,25512,61,1,25,95,70,3,27,34,45,17,19,2,0,25,7834.057942749999711,3488317.655040000099689
166,167,25744,Fernando Salinas,Fernando Salinas,25744,4,1,18,25,14,1,19,21,2,10,11,1,0,12,916.500754990000019,49070.021901200001594
167,168,25795,Fifth Street,Fifth Street,25795,42,15,2182,2284,1531,64,2228,2242,30,1452,1488,43,8,1501,8441.783024360000127,1891408.787930000107735
168,169,26004,Flat,Flat,26004,138,1,11,157,119,6,15,19,106,7,10,4,0,13,9192.007627499999217,2527776.927790000103414
169,170,26130,Flor del Rio,Flor del Rio,26130,1,0,98,101,72,0,98,100,0,72,72,0,0,72,1301.426338539999961,39816.432398600001761
170,171,26220,Flowella,Flowella,26220,0,1,117,117,79,0,117,117,0,79,79,0,1,79,6433.798839989999578,2586723.418930000159889
171,172,26280,Fluvanna,Fluvanna,26280,43,1,30,78,62,1,30,35,33,24,24,1,1,29,10076.610747999999148,3726520.132869999855757
172,173,26516,Forest Heights,Forest Heights,26516,1153,11,81,1329,1028,27,104,176,901,51,66,15,7,127,15992.327662300000156,7398651.317669999785721
173,174,26664,Fort Bliss,Fort Bliss,26664,4880,1088,2990,11260,7607,2063,4714,6380,3308,1906,3032,1348,840,4299,45605.095434599999862,46221433.137699998915195
174,175,26680,Fort Clark Springs,Fort Clark Springs,26680,798,24,336,1215,1016,11,343,417,709,237,243,6,17,307,12962.788103000000774,7701148.339110000059009
175,176,26688,Fort Davis,Fort Davis,26688,547,16,438,1024,836,11,443,477,479,330,332,4,7,357,32638.425911900001665,27846212.545800000429153
176,177,26724,Fort Hancock,Fort Hancock,26724,34,1,1016,1052,750,7,1016,1018,27,722,722,0,0,723,34052.266211699999985,49523678.787500001490116
177,178,26736,Fort Hood,Fort Hood,26736,13509,1532,6844,28295,20292,5972,12209,14786,10201,4714,8209,3813,1125,10091,62255.643572000000859,50126472.672100000083447
178,179,27102,Four Corners,Four Corners,27102,877,4154,3364,12103,9028,3774,7006,11226,681,2413,4978,2642,3298,8347,16342.195077300000776,6483909.205719999969006
179,180,27124,Four Points,Four Points,27124,1,0,9,10,7,1,9,9,1,6,6,1,0,6,6688.029420249999930,1338081.233550000004470
180,181,27144,Fowlerton,Fowlerton,27144,37,0,34,73,53,0,34,36,30,22,22,0,0,23,14479.538423500000135,5624314.814620000310242
181,182,27540,Fresno,Fresno,27540,898,440,8957,24486,17144,14547,23109,23588,754,5952,16003,10255,332,16390,55470.620428399997763,22178008.026900000870228
182,183,27744,Fronton,Fronton,27744,2,1,168,172,125,1,168,170,0,125,125,1,0,125,4898.729461339999943,1084985.834920000052080
183,184,27748,Fronton Ranchettes,Fronton Ranchettes,27748,6,2,167,174,121,2,167,168,5,116,116,2,2,116,1888.025570360000074,187945.946438000013586
184,185,27972,Gail,Gail,27972,201,3,44,249,179,2,45,48,155,24,24,1,0,24,12991.478365400000257,5212040.265940000303090
185,186,28128,Garceno,Garceno,28128,8,0,432,440,297,1,432,432,8,289,289,1,0,289,3555.681956309999805,593474.568689999985509
186,187,28152,Garciasville,Garciasville,28152,0,0,42,43,27,1,42,43,0,27,27,0,0,27,1623.605848489999971,122510.650072999997064
187,188,28176,Garden City,Garden City,28176,162,0,169,334,236,5,170,172,122,113,114,4,0,114,11152.131863099999464,4563265.173399999737740
188,189,28200,Gardendale,Gardendale,28200,1324,24,598,2020,1492,39,622,696,1067,360,377,18,12,425,30353.811493400000472,29631071.803899999707937
189,190,28320,Garfield,Garfield,28320,665,18,1031,1825,1344,67,1081,1160,580,675,712,51,9,764,36421.388379299998633,31401998.752599999308586
190,191,29012,Garner,Garner,29012,347,3,41,397,307,3,42,50,278,24,25,1,2,29,17444.517390199998772,8954381.631349999457598
191,192,29096,Garwood,Garwood,29096,267,2,179,510,346,63,238,243,197,106,146,40,2,149,24899.665343699998630,14116083.226199999451637
192,193,29114,Garza-Salinas II,Garza-Salinas II,29114,13,0,637,651,473,1,638,638,9,463,464,1,0,464,2272.550349579999875,205932.059129000001121
193,194,29216,Gause,Gause,29216,215,3,28,275,203,26,48,60,162,19,34,19,2,41,8294.882774120000249,2636326.407930000219494
194,195,29384,Geronimo,Geronimo,29384,490,2,541,1097,817,38,571,607,393,368,391,26,0,424,31775.186302400001296,21044481.267200000584126
195,196,29612,Girard,Girard,29612,37,3,15,53,41,2,16,16,30,10,11,2,2,11,9315.930668920000244,3748678.081939999945462
196,197,29732,Glazier,Glazier,29732,52,1,7,60,47,2,7,8,44,3,3,0,0,3,7486.454057140000259,3334539.380599999800324
197,198,29912,Glidden,Glidden,29912,282,3,368,741,511,88,444,459,212,231,287,61,1,299,8401.376144660000136,2595518.248269999865443
198,199,30560,Grangerland,Grangerland,30560,569,8,147,754,583,13,157,185,454,104,109,7,5,129,9086.734059919999709,4359788.065589999780059
199,200,30629,Grape Creek,Grape Creek,30629,2399,18,964,3594,2734,71,1011,1195,1920,649,675,30,5,814,30431.406512099998508,40381870.291599996387959
200,201,30890,Green Valley Farms,Green Valley Farms,30890,20,3,631,655,464,1,631,635,17,446,446,0,2,447,12942.232037300000229,10296872.575500000268221
201,202,31442,Guadalupe Guerra,Guadalupe Guerra,31442,5,0,55,60,33,0,55,55,0,33,33,0,0,33,821.936874665000005,38150.633895500002836
202,203,31484,Guerra,Guerra,31484,0,0,3,3,2,0,3,3,0,2,2,0,0,2,3500.707810639999934,541360.977543000015430
203,204,31640,Guthrie,Guthrie,31640,141,2,8,151,105,1,9,10,98,6,6,0,1,7,12902.399337900000319,4602432.674630000256002
204,205,31646,Gutierrez,Gutierrez,31646,7,0,62,69,57,1,62,62,3,54,54,0,0,54,2957.726680820000183,133774.671051000012085
205,206,32012,Hamshire,Hamshire,32012,798,6,123,962,701,19,140,164,606,68,76,10,3,95,15087.184839699999429,7707133.346939999610186
206,207,32246,Harding Gill Tract,Harding Gill Tract,32246,0,0,20,21,16,0,20,21,0,16,16,0,0,16,6756.510663500000192,2845676.526829999871552
207,208,32300,Hargill,Hargill,32300,29,0,769,800,549,0,769,771,14,533,533,0,0,535,6672.601379660000021,2219657.453710000030696
208,209,32456,Harper,Harper,32456,1077,2,200,1332,1052,17,209,255,884,132,133,6,1,168,70897.367217100007110,146142538.275999993085861
209,210,32552,Harrold,Harrold,32552,69,3,11,87,64,1,12,18,53,6,6,0,2,11,13839.413756699999794,10539520.565899999812245
210,211,32612,Hartley,Hartley,32612,228,4,144,382,262,2,145,154,181,79,79,1,1,81,19195.666437299998506,18094520.532099999487400
211,212,32792,Havana,Havana,32792,3,2,357,361,282,0,357,358,3,278,278,0,1,279,7340.534545700000308,2111396.390360000077635
212,213,32910,H. Cuellar Estates,H. Cuellar Estates,32910,0,1,10,11,8,0,10,11,0,7,7,0,1,8,813.292302056000040,35692.112293300000601
213,214,32978,Heartland,Heartland,32978,2708,179,2117,8509,5400,3445,5445,5801,1848,1242,3304,2112,130,3552,15369.579852499999106,8773885.865940000861883
214,215,33008,Hebbronville,Hebbronville,33008,336,33,3637,4101,2957,11,3643,3765,273,2595,2599,8,26,2684,29384.214309999999386,16788077.332400001585484
215,216,33092,Heidelberg,Heidelberg,33092,30,4,1475,1507,1055,4,1477,1477,24,1031,1031,0,0,1031,15207.728396399999838,6561407.055220000445843
216,217,33356,Hermleigh,Hermleigh,33356,213,2,155,383,284,2,156,170,169,107,108,2,2,115,19570.164466900001571,23355027.984400000423193
217,218,33836,Highlands,Highlands,33836,4564,84,3344,8612,6465,446,3752,4048,3757,2171,2460,312,61,2708,20372.659443799999281,16834260.971000000834465
218,219,34105,Hillside Acres,Hillside Acres,34105,0,0,3,3,2,0,3,3,0,2,2,0,0,2,3676.773775499999829,613492.615284999948926
219,220,34130,Hilltop,Hilltop (Frio),34130,21,2,328,356,266,2,329,335,10,254,254,1,2,256,8988.389847700000246,3242303.221510000061244
220,221,34133,Hilltop,Hilltop (Starr),34133,0,0,120,120,67,0,120,120,0,67,67,0,0,67,1430.642364909999969,127814.264506999999867
221,222,34136,Hilltop Lakes,Hilltop Lakes,34136,1216,7,76,1385,1122,24,99,169,1021,32,44,12,5,101,23214.934694399998989,22544085.942000001668930
222,223,34478,Holiday Beach,Holiday Beach,34478,411,4,85,526,482,6,86,115,380,77,77,5,2,102,9040.828102420000505,5070821.666170000098646
223,224,34586,Holly Lake Ranch,Holly Lake Ranch,34586,2674,14,118,2951,2650,16,133,277,2439,77,87,11,12,211,27167.975060100001429,23389065.307399999350309
224,225,34671,Homestead Meadows North,Homestead Meadows North,34671,533,29,4572,5210,3855,58,4613,4677,447,3331,3362,42,13,3408,28664.370857000001706,40206660.282999999821186
225,226,34673,Homestead Meadows South,Homestead Meadows South,34673,162,26,6932,7142,5213,50,6950,6980,120,5065,5075,25,17,5093,15294.766456200000903,9452431.682889999821782
226,227,34856,Hornsby Bend,Hornsby Bend,34856,1990,272,7386,12168,8460,2560,9748,10178,1634,4806,6505,1794,210,6826,28037.067869499998778,24709467.455299999564886
227,228,34865,Horseshoe Bend,Horseshoe Bend,34865,737,9,134,949,776,13,145,212,628,80,91,11,7,148,8304.176974980000523,4457736.008550000376999
228,229,35204,Huckabay,Huckabay,35204,207,1,42,268,201,3,45,61,164,25,28,3,1,37,13528.240697400000499,8670829.055099999532104
229,230,35253,Hudson Bend,Hudson Bend,35253,2689,265,844,4005,3362,108,949,1316,2359,631,715,86,201,1003,19847.713310999999521,17088697.665600001811981
230,231,35324,Hull,Hull,35324,470,1,27,522,431,5,31,52,387,22,25,4,0,44,12723.201914299999771,5198977.522169999778271
231,232,35420,Hungerford,Hungerford,35420,122,3,128,390,313,134,256,268,99,96,203,111,3,214,10094.753996900000857,4750266.478659999556839
232,233,35684,Iago,Iago,35684,66,1,59,148,114,22,78,82,56,42,54,14,1,58,13445.308372499999678,4939502.121919999830425
233,234,35754,Iglesia Antigua,Iglesia Antigua,35754,8,2,406,415,306,1,407,407,8,298,298,0,0,298,12829.239780199999586,5689094.546000000089407
234,235,35828,Imperial,Imperial,35828,106,2,175,294,193,3,177,188,75,107,108,1,2,118,18401.482131400000071,10887163.587799999862909
235,236,35915,Indian Hills,Indian Hills,35915,78,2,2611,2694,1727,1,2611,2616,55,1668,1668,0,2,1672,16867.050097100000130,5250863.706419999711215
236,237,35954,Indian Springs,Indian Springs,35954,750,2,51,892,699,26,75,142,603,32,44,14,1,96,8999.780978139999206,4799200.423170000314713
237,238,35966,Indio,Indio,35966,2,0,63,65,45,0,63,63,1,44,44,0,0,44,5588.359458750000158,743630.073585000005551
238,239,35996,Inez,Inez,35996,2053,25,453,2641,1940,38,486,588,1558,284,306,27,13,382,64299.399212700001954,154055363.881000012159348
239,240,37390,Jardin de San Julian,Jardin de San Julian,37390,0,0,23,23,15,0,23,23,0,15,15,0,0,15,917.048962363999976,40415.598909300002560
240,241,37665,J.F. Villareal,J.F. Villareal,37665,0,1,82,82,63,0,82,82,0,63,63,0,1,63,810.211684826999999,41534.656997999998566
241,242,38168,Juarez,Juarez,38168,24,7,606,642,449,3,609,618,19,421,423,2,3,430,2837.861915599999975,513723.963858000002801
242,243,38518,K-Bar Ranch,K-Bar Ranch,38518,85,0,288,375,265,0,288,290,62,201,201,0,0,203,12978.485520300000644,8712189.476369999349117
243,244,39304,Kingsland,Kingsland,39304,5228,61,1372,7028,5627,124,1467,1800,4422,878,949,84,42,1205,29591.417302599998948,25340817.970300000160933
244,245,39664,Knippa,Knippa,39664,217,4,358,606,469,11,367,389,177,265,273,9,1,292,23284.950689099998272,13448720.190799999982119
245,246,39784,Kopperl,Kopperl,39784,153,0,6,164,125,0,6,11,120,1,1,0,0,5,6213.978258610000012,1394910.945360000012442
246,247,39988,La Blanca,La Blanca,39988,105,10,1944,2078,1538,5,1944,1973,93,1423,1423,4,5,1445,13848.720668800000567,10736055.386700000613928
247,248,39994,La Carla,La Carla,39994,1,0,54,55,39,0,54,54,0,39,39,0,0,39,1740.489553829999977,185959.522658000001684
248,249,40000,La Casita,La Casita,40000,1,0,138,139,87,0,138,138,1,86,86,0,0,86,6135.738028370000393,161575.473834000003990
249,250,40018,La Chuparosa,La Chuparosa,40018,0,0,74,74,50,0,74,74,0,50,50,0,0,50,647.173234769000032,26197.953026600000157
250,251,40036,Lackland AFB,Lackland AFB,40036,5331,462,1560,9467,8775,2222,3517,4136,4973,1432,3265,2087,401,3802,16838.915896800001065,10932292.864199999719858
251,252,40100,La Coma,La Coma,40100,1,0,6,7,6,0,6,6,0,6,6,0,0,6,9237.791741119999642,3158439.274389999918640
252,253,40104,La Coma Heights,La Coma Heights,40104,7,0,104,116,95,2,106,109,5,87,89,2,0,90,7701.714641190000293,2546970.067850000225008
253,254,40186,La Escondida,La Escondida,40186,0,0,183,183,129,0,183,183,0,129,129,0,0,129,1749.640189899999996,150915.050611000013305
254,255,40188,La Esperanza,La Esperanza,40188,2,0,211,217,136,0,211,215,0,133,133,0,0,136,1090.796218250000038,73596.504701300000306
255,256,40210,La Feria North,La Feria North,40210,34,0,185,225,148,4,186,191,26,119,119,3,0,122,8927.461968710000292,3101131.765809999778867
256,257,40258,Lago,Lago,40258,6,2,149,161,116,2,149,155,5,108,108,1,1,111,1495.665966819999994,131962.806829000008292
257,258,40262,Lago Vista,Lago Vista,40262,1,0,132,133,86,0,132,132,0,86,86,0,0,86,7753.487281540000367,1144340.585720000090078
258,259,40300,Laguna Heights,Laguna Heights,40300,58,9,884,962,671,3,886,904,43,612,614,2,6,628,2710.048750250000012,417268.444984000001568
259,260,40312,Laguna Park,Laguna Park,40312,1164,10,88,1372,1184,29,114,208,1028,64,78,17,6,156,15732.420550999999250,8941917.769419999793172
260,261,40320,Laguna Seca,Laguna Seca,40320,3,0,225,232,170,6,229,229,1,168,169,3,0,169,10985.857535200000711,5904262.826190000399947
261,262,40342,La Homa,La Homa,40342,331,15,10884,11267,7672,32,10890,10936,247,7391,7397,25,8,7425,24828.624772499999381,16398291.037000000476837
262,263,40456,Lake Brownwood,Lake Brownwood,40456,1158,8,214,1462,1235,40,251,304,1006,153,178,25,8,229,23860.352323399998568,17399318.039200000464916
263,264,40462,Lake Bryan,Lake Bryan,40462,652,5,1249,2060,1429,94,1332,1408,544,764,823,69,2,885,35724.535183400003007,22274385.591699998825788
264,265,40468,Lake Cherokee,Lake Cherokee,40468,2331,7,309,2980,2493,229,530,649,2046,187,344,159,5,447,34729.480784200000926,42619285.449199996888638
265,266,40475,Lake Colorado City,Lake Colorado City,40475,508,3,89,636,495,20,107,128,422,48,54,7,3,73,28599.192811299999448,23531472.305700000375509
266,267,40522,Lake Dunlap,Lake Dunlap,40522,1083,12,790,1981,1548,25,813,898,926,551,566,16,6,622,9833.763724059999731,4248684.497360000386834
267,268,40576,Lakehills,Lakehills,40576,3941,67,1036,5295,4359,78,1103,1354,3358,754,802,52,47,1001,58624.328540900001826,88794810.845599994063377
268,269,40624,Lake Kiowa,Lake Kiowa,40624,2055,16,61,2254,1998,18,79,199,1847,42,53,11,14,151,15625.497208799999498,9774745.656509999185801
269,270,40674,Lake Medina Shores,Lake Medina Shores,40674,693,16,303,1110,912,13,316,417,584,231,243,12,10,328,14639.652768199999628,8746276.233289999887347
270,271,40676,Lake Meredith Estates,Lake Meredith Estates,40676,276,1,28,338,282,6,33,62,234,19,22,3,1,48,9378.873332810000647,2183118.499429999850690
271,272,40714,Lakeshore Gardens-Hidden Acres,Lakeshore Gardens-Hidden Acres,40714,314,11,293,637,497,7,298,323,284,191,194,3,5,213,13859.621229399999720,8108492.234299999661744
272,273,40966,Lake View,Lake View,40966,106,0,85,197,154,0,85,91,94,54,54,0,0,60,6644.157703720000427,1310933.846499999985099
273,274,41086,La Loma de Falcon,La Loma de Falcon,41086,0,0,72,72,50,0,72,72,0,50,50,0,0,50,3821.403192920000038,222438.349309000011999
274,275,41092,Lamar,Lamar,41092,594,14,75,724,664,5,76,130,554,63,64,3,10,110,14706.716246199999659,12684000.274499999359250
275,276,41170,La Minita,La Minita,41170,2,0,127,129,101,1,127,127,2,99,99,1,0,99,6970.440990869999951,1361082.288590000011027
276,277,41176,Lamkin,Lamkin,41176,31,0,14,46,40,2,15,15,29,11,11,0,0,11,8389.851429660000576,1743462.452809999929741
277,278,41180,La Moca Ranch,La Moca Ranch,41180,3,0,22,25,21,0,22,22,3,18,18,0,0,18,31674.870518600000651,38949461.788800001144409
278,279,41404,Lantana,Lantana,41404,7848,885,1173,10785,7439,587,1737,2937,5579,685,1053,379,589,1860,17140.942628799999511,6040469.128139999695122
279,280,41416,La Paloma,La Paloma,41416,37,14,3165,3218,2207,4,3168,3181,30,2166,2168,3,10,2177,15867.114646300000459,5598645.617519999854267
280,281,41420,La Paloma Addition,La Paloma Addition,41420,15,0,297,314,225,2,297,299,10,215,215,2,0,215,6422.156844310000452,1813000.362140000099316
281,282,41422,La Paloma-Lost Creek,La Paloma-Lost Creek,41422,705,9,629,1359,1251,11,637,654,693,535,543,11,8,558,22914.430317900001683,21763415.884899999946356
282,283,41424,La Paloma Ranchettes,La Paloma Ranchettes,41424,1,0,328,329,222,0,328,328,0,222,222,0,0,222,6305.214130950000254,1219916.639080000109971
283,284,41449,La Presa,La Presa,41449,2,0,239,241,171,2,239,239,2,169,169,2,0,169,7884.092458989999614,1307825.764770000008866
284,285,41452,La Pryor,La Pryor,41452,92,4,1186,1294,934,17,1196,1202,87,837,843,8,3,847,13856.608063600000605,6899526.889080000109971
285,286,41458,La Puerta,La Puerta,41458,4,0,631,638,455,0,631,634,3,449,449,0,0,452,5458.176123590000316,820713.609513000003062
286,287,41473,Laredo Ranchettes,Laredo Ranchettes,41473,0,0,21,21,11,0,21,21,0,11,11,0,0,11,6197.542058940000061,1438855.492300000041723
287,288,41475,Laredo Ranchettes West,Laredo Ranchettes West,41475,1,1,4,5,5,0,4,4,1,4,4,0,1,4,2554.114443810000012,188733.796459000004688
288,289,41503,La Rosita,La Rosita,41503,0,0,82,82,61,0,82,82,0,61,61,0,0,61,4530.065973189999568,177923.108444000012241
289,290,41542,Lasana,Lasana,41542,15,3,88,104,72,0,88,89,10,61,61,0,3,62,7355.590023609999662,2136898.854350000154227
290,291,41548,Lasara,Lasara,41548,45,1,861,909,673,4,861,864,39,631,631,1,1,634,9220.378380869999091,3795607.601170000154525
291,292,41565,Las Haciendas,Las Haciendas,41565,0,0,1,2,2,0,1,2,0,1,1,0,0,2,5006.349559279999994,612190.283541999990121
292,293,41566,Las Lomas,Las Lomas,41566,30,1,3013,3054,2086,7,3017,3024,23,2055,2059,7,1,2063,7465.825052959999994,1021000.737109999987297
293,294,41569,Las Lomitas,Las Lomitas,41569,12,1,218,235,172,0,218,223,12,155,155,0,1,160,14160.467956000000413,10231865.152000000700355
294,295,41579,Las Palmas,Las Palmas,41579,19,1,39,59,48,0,39,40,17,30,30,0,0,31,2040.328115750000052,175930.994154000014532
295,296,41580,Las Palmas II,Las Palmas II,41580,20,3,862,891,642,8,862,871,17,616,616,2,2,625,5022.205302319999646,793968.838623999967240
296,297,41582,Las Pilas,Las Pilas,41582,0,0,7,7,5,0,7,7,0,5,5,0,0,5,7425.816406420000021,2157107.281700000166893
297,298,41583,Las Quintas Fronterizas,Las Quintas Fronterizas,41583,10,1,2308,2326,1638,5,2309,2316,10,1625,1626,2,0,1628,6616.349680280000030,1427367.731279999949038
298,299,41660,La Tina Ranch,La Tina Ranch,41660,27,3,656,687,472,5,659,660,22,448,449,3,1,450,19965.247706599999219,18395707.027499999850988
299,300,41704,Laughlin AFB,Laughlin AFB,41704,1183,93,253,1673,1410,141,369,490,999,194,294,114,80,411,17881.498761499999091,16565361.780999999493361
300,301,41728,Laureles,Laureles,41728,127,5,3967,4111,2790,26,3969,3984,84,2693,2695,13,5,2706,15023.213404399999490,12555830.767599999904633
301,302,41782,La Victoria,La Victoria,41782,4,0,172,176,134,0,172,172,1,133,133,0,0,133,4395.792182729999695,791298.149984000017866
302,303,42244,Lelia Lake,Lelia Lake,42244,40,1,10,51,42,0,10,11,34,8,8,0,0,8,9084.177389829999811,2304681.776300000026822
303,304,42256,Leming,Leming,42256,190,2,642,841,613,1,642,651,152,457,457,0,0,461,20161.172024899999087,12468270.341000000014901
304,305,42616,Liberty City,Liberty City,42616,2199,18,270,2721,1981,157,410,522,1666,147,237,95,12,315,21177.203781799998978,15736035.890200000256300
305,306,42874,Lindsay,Lindsay,42874,8,4,435,452,310,0,435,444,7,297,297,0,3,303,6460.608698979999645,2324589.825920000206679
306,307,42880,Lingleville,Lingleville,42880,78,4,79,166,126,4,82,88,64,54,56,2,3,62,11445.030484999999317,2624509.946589999832213
307,308,42916,Linn,Linn,42916,116,1,614,733,573,1,614,617,101,471,471,0,0,472,59927.150743099999090,126205999.305999994277954
308,309,42952,Lipscomb,Lipscomb,42952,57,3,2,66,56,2,4,9,50,1,3,2,3,6,16105.285506399999576,9752680.487110000103712
309,310,43000,Little Cypress,Little Cypress,43000,1673,25,131,1968,1532,88,210,295,1330,80,129,51,22,202,33111.362755900001503,9928862.006829999387264
310,311,43150,Llano Grande,Llano Grande,43150,378,4,2564,2952,2218,12,2565,2574,369,1843,1843,5,3,1849,12842.935770300000513,4239617.305470000021160
311,312,43216,Lockett,Lockett,43216,89,5,76,173,126,2,78,84,77,46,46,0,3,49,11273.512350400000287,7765108.475809999741614
312,313,43432,Lolita,Lolita,43432,302,8,193,519,385,9,201,217,243,121,128,7,7,142,10635.797722799999974,6633812.824359999969602
313,314,43458,Loma Grande,Loma Grande,43458,3,5,127,135,90,2,127,132,3,85,85,1,4,87,2012.201459249999971,176064.638212999998359
314,315,43460,Loma Linda,Loma Linda,43460,38,0,106,149,108,3,108,111,36,69,71,2,0,72,8052.067057690000183,3240941.031549999956042
315,316,43462,Loma Linda East,Loma Linda East (Jim Wells),43462,7,0,280,305,221,1,280,298,7,200,200,1,0,214,17168.096062299999176,13312155.336500000208616
316,317,43463,Loma Linda East,Loma Linda East (Starr),43463,5,0,62,67,47,0,62,62,0,47,47,0,0,47,1284.544244550000030,98692.719428800002788
317,318,43465,Loma Linda West,Loma Linda West,43465,0,0,96,98,64,1,97,98,0,62,63,1,0,64,2435.576044209999964,317366.951194000022952
318,319,43474,Loma Vista,Loma Vista,43474,1,0,116,117,84,0,116,116,1,83,83,0,0,83,746.667141444999970,34210.900348000002850
319,320,43822,Longoria,Longoria,43822,0,1,78,81,61,2,80,81,0,59,60,1,0,61,835.390760544000045,43522.321716899998137
320,321,43948,Loop,Loop,43948,114,0,98,216,150,1,98,102,82,65,65,0,0,68,13121.361837399999786,9143951.116639999672771
321,322,43960,Lopeño,Lopeño,43960,1,1,66,70,37,2,66,69,1,36,36,2,0,36,8222.957554650000020,2120264.314220000058413
322,323,43972,Lopezville,Lopezville,43972,49,15,2290,2367,1677,9,2290,2318,37,1618,1618,3,11,1640,9758.711244019999867,2009731.217459999956191
323,324,44038,Los Altos,Los Altos,44038,4,1,171,175,125,0,171,171,0,125,125,0,1,125,2420.175571639999816,98483.156553900000290
324,325,44044,Los Alvarez,Los Alvarez,44044,2,1,240,247,186,0,240,245,0,182,182,0,1,186,2338.341671950000091,245128.195808999997098
325,326,44062,Los Angeles,Los Angeles,44062,1,3,107,108,69,0,107,107,1,68,68,0,2,68,2767.058045780000157,391152.364317999978084
326,327,44072,Los Arcos,Los Arcos,44072,0,1,82,83,57,0,82,83,0,56,56,0,1,57,3732.580933199999890,533967.431114000035450
327,328,44075,Los Arrieros,Los Arrieros,44075,1,0,41,43,29,0,41,42,1,28,28,0,0,28,1711.273530290000053,89047.081309500004863
328,329,44076,Los Barreras,Los Barreras,44076,5,0,272,278,194,1,273,273,1,192,193,1,0,193,4186.641342079999959,594641.542532999999821
329,330,44077,Los Centenarios,Los Centenarios,44077,0,1,47,49,33,1,47,49,0,31,31,0,1,33,4180.208843639999941,487035.433513000025414
330,331,44079,Los Corralitos,Los Corralitos,44079,3,0,32,36,33,1,32,33,3,29,29,0,0,30,1551.871030309999924,91708.293795399993542
331,332,44104,Los Ebanos,Los Ebanos (Hidalgo),44104,6,1,231,239,184,0,231,233,2,181,181,0,1,182,11382.846630199999709,1698079.460339999990538
332,333,44110,Los Ebanos,Los Ebanos (Starr),44110,0,0,281,281,199,1,281,281,0,199,199,1,0,199,1234.353634959999908,78328.745817300005001
333,334,44120,Los Fresnos,Los Fresnos,44120,1,0,70,71,43,1,70,70,1,42,42,0,0,42,3336.994798809999793,468133.358451000007335
334,335,44123,Los Huisaches,Los Huisaches,44123,0,0,14,15,14,4,14,15,0,13,13,4,0,14,5012.594098880000274,1169425.524789999937639
335,336,44142,Los Lobos,Los Lobos,44142,6,0,0,7,5,0,0,1,4,0,0,0,0,1,3819.221442179999940,368512.603242999990471
336,337,44145,Los Minerales,Los Minerales,44145,2,0,28,30,21,1,28,28,0,21,21,0,0,21,12532.234409599999708,2753605.700939999893308
337,338,44146,Los Nopalitos,Los Nopalitos,44146,0,0,49,49,27,0,49,49,0,27,27,0,0,27,2924.640169899999819,383632.485971999994945
338,339,44162,Lost Creek,Lost Creek,44162,957,140,114,1276,950,38,148,319,724,78,104,27,96,226,14575.731797300000835,5153255.800520000047982
339,340,44167,Los Veteranos I,Los Veteranos I,44167,0,0,0,0,0,0,0,0,0,0,0,0,0,0,6398.734604749999562,1019224.912669999990612
340,341,44168,Los Veteranos II,Los Veteranos II,44168,0,0,11,11,8,0,11,11,0,8,8,0,0,8,3281.711268049999944,412041.870282999996562
341,342,44212,Louise,Louise,44212,411,5,383,889,641,69,451,478,333,237,287,51,4,308,23345.197053600000800,17326601.790100000798702
342,343,44284,Loving,Loving,44284,129,0,9,143,120,0,9,14,109,9,9,0,0,11,9097.988313730000300,5103862.736189999617636
343,344,44344,Lozano,Lozano,44344,0,1,173,174,125,1,174,174,0,125,125,0,0,125,2369.550518139999895,307483.006723000027705
344,345,45276,Lyons,Lyons,45276,144,4,29,236,184,52,79,92,121,23,53,32,1,63,17645.848027399999410,7781554.099809999577701
345,346,45444,McCaulley,McCaulley,45444,72,1,6,79,58,0,6,7,55,2,2,0,1,3,8158.089205289999882,2251360.936340000014752
346,347,45564,McDade,McDade,45564,394,5,290,720,547,18,302,326,330,192,199,10,2,217,16219.492757599999095,10586759.008899999782443
347,348,45576,Macdona,Macdona,45576,68,7,369,464,356,14,380,396,63,275,282,8,1,293,11073.823383299999477,4023695.514460000209510
348,349,45750,McKinney Acres,McKinney Acres,45750,259,1,582,852,626,9,586,593,213,403,407,4,0,413,8803.864107479999802,4245702.432900000363588
349,350,45816,McLeod,McLeod,45816,272,9,5,311,241,2,7,39,211,4,6,2,5,30,13744.168423299999631,7064709.904579999856651
350,351,45948,McQueeney,McQueeney,45948,1456,21,777,2397,1968,66,835,941,1280,565,610,47,13,688,26736.854774899999029,11571872.468599999323487
351,352,46080,Magnolia Beach,Magnolia Beach,46080,178,2,25,217,187,5,29,39,161,14,16,2,0,26,7833.185020949999853,2643978.598209999967366
352,353,46308,Manchaca,Manchaca,46308,1198,88,843,2266,1752,90,908,1068,996,590,640,59,67,756,13056.989380099999835,5045664.004870000295341
353,354,46492,Manuel Garcia,Manuel Garcia,46492,1,2,203,204,155,0,203,203,1,154,154,0,2,154,1610.910023449999926,92488.349888800003100
354,355,46494,Manuel Garcia II,Manuel Garcia II,46494,1,0,59,62,43,0,59,61,1,41,41,0,0,42,1012.546989329999974,43118.877475100001902
355,356,46572,Marathon,Marathon,46572,209,3,190,410,353,1,190,201,197,148,148,0,3,156,18468.117361399999936,13580173.677699999883771
356,357,46716,Markham,Markham,46716,459,2,344,908,691,75,415,449,365,245,299,55,1,326,10442.756249000000025,5851897.038719999603927
357,358,46854,Martinez,Martinez,46854,3,2,34,42,32,0,34,39,2,29,29,0,0,30,2012.396753129999979,138641.455589999997756
358,359,47016,Matagorda,Matagorda,47016,276,2,23,313,292,8,29,37,262,18,23,7,1,30,10680.634069199999431,5261738.086430000141263
359,360,47100,Mauriceville,Mauriceville,47100,2514,37,277,2983,2254,34,311,469,1957,172,188,16,18,297,24369.008397099998547,21774188.948199998587370
360,361,47172,May,May,47172,224,0,38,277,212,2,40,53,180,24,24,0,0,32,9322.987028370000189,3837349.955459999851882
361,362,47406,Medina,Medina,47406,82,5,3860,3953,2597,10,3863,3871,61,2527,2530,9,2,2536,11447.046221399999922,4609572.414320000447333
362,363,47676,Mentone,Mentone,47676,17,1,1,22,11,1,1,5,9,0,0,0,0,2,3410.736076449999928,438548.002436999988277
363,364,47898,Mesquite,Mesquite,47898,10,0,468,479,357,0,468,469,8,348,348,0,0,349,1507.432572089999894,128807.634481000000960
364,365,48048,Midfield,Midfield,48048,132,2,219,356,233,4,222,224,100,130,131,1,2,133,4544.569759250000061,1194014.108449999941513
365,366,48272,Midway North,Midway North,48272,52,17,4165,4232,2985,16,4168,4180,30,2946,2947,9,11,2955,12466.912286200000381,4622378.383750000037253
366,367,48280,Midway South,Midway South,48280,45,17,2237,2307,1555,7,2238,2262,31,1509,1510,7,11,1524,8650.883214929999667,2578012.494390000123531
367,368,48315,Miguel Barrera,Miguel Barrera,48315,3,0,129,132,92,0,129,129,0,92,92,0,0,92,869.366846690999978,44842.822619200000190
368,369,48318,Mikes,Mikes,48318,2,0,937,942,616,0,937,940,1,613,613,0,0,615,2860.020770380000158,340137.749349999998230
369,370,48320,Mila Doce,Mila Doce,48320,88,15,6047,6162,3985,8,6049,6074,44,3929,3929,1,6,3941,17186.102076300001499,8264790.218030000105500
370,371,48324,Milam,Milam,48324,1181,12,56,1355,1133,64,115,174,1000,38,80,42,11,133,45995.554440599997179,102945343.728000000119209
371,372,48750,Mi Ranchito Estate,Mi Ranchito Estate,48750,5,0,402,409,272,0,402,404,1,271,271,0,0,271,3612.464923300000009,813033.338295000023209
372,373,48756,Mirando City,Mirando City,48756,6,3,213,222,173,2,213,216,6,164,164,0,3,167,4984.127709000000323,823776.668810999952257
373,374,48772,Mission Bend,Mission Bend,48772,3646,6251,16573,36914,27895,10756,26860,33268,3096,12004,19545,7809,5098,24799,31425.170624099999259,12049957.475099999457598
374,375,49032,Montague,Montague,49032,236,3,18,261,206,2,19,25,194,7,8,1,3,12,9812.623843969999143,3296687.715570000000298
375,376,49080,Monte Alto,Monte Alto,49080,28,6,1880,1930,1366,9,1884,1902,17,1336,1337,5,4,1349,9672.217997030000333,5840831.655299999751151
376,377,49224,Moore,Moore,49224,235,1,344,610,463,21,364,375,196,245,259,15,1,267,26277.167150000001129,15763059.006300000473857
377,378,49300,Moraida,Moraida,49300,0,0,229,229,137,0,229,229,0,137,137,0,0,137,1623.936633669999992,106388.090507999993861
378,379,49314,Morales-Sanchez,Morales-Sanchez,49314,3,0,42,46,36,2,43,43,3,32,33,2,0,33,10769.860136299999795,3645944.722680000122637
379,380,49359,Morgan Farm,Morgan Farm,49359,137,0,424,573,440,7,429,436,118,310,315,6,0,322,15482.487726999999722,8675364.287289999425411
380,381,49411,Morning Glory,Morning Glory,49411,11,3,508,522,407,4,509,511,11,395,395,3,2,396,9992.615806059999159,2766310.925600000191480
381,382,49440,Morse,Morse,49440,76,0,77,157,113,0,77,81,66,43,43,0,0,47,6660.405601489999754,1432419.224649999989197
382,383,49512,Mosheim,Mosheim,49512,40,0,8,48,35,0,8,8,28,7,7,0,0,7,5998.014094870000008,1754060.631009999895468
383,384,49572,Mound,Mound,49572,147,1,12,174,132,5,16,27,113,5,9,5,1,19,7971.635234260000288,1846161.072039999999106
384,385,50058,Muniz,Muniz,50058,20,2,1559,1593,997,6,1563,1573,12,977,978,2,1,985,6655.504154080000262,2755167.421740000136197
385,386,50092,Murillo,Murillo,50092,223,67,8820,9158,5995,33,8832,8935,150,5778,5787,21,48,5845,22749.190155200001755,15033320.468699999153614
386,387,50220,Myra,Myra,50220,173,3,12,202,160,3,15,29,148,6,6,0,0,12,7102.332700050000312,1319599.264699999941513
387,388,50232,Myrtle Springs,Myrtle Springs,50232,811,8,94,954,779,10,102,143,684,60,67,8,4,95,22673.694242099998519,19014627.965999998152256
388,389,50268,Nada,Nada,50268,200,2,24,231,193,0,24,31,167,21,21,0,0,26,21760.268083899998601,17548572.545200001448393
389,390,50322,Narciso Pena,Narciso Pena,50322,4,0,28,32,30,0,28,28,3,27,27,0,0,27,578.144753206000019,20528.548477299998922
390,391,50544,Neches,Neches,50544,221,4,20,266,196,8,28,45,171,4,11,7,4,25,8256.554099189999761,2619883.049540000036359
391,392,50742,Netos,Netos,50742,0,0,17,18,16,1,18,18,0,15,16,1,0,16,1408.254385960000036,96145.067635800005519
392,393,50924,New Falcon,New Falcon,50924,0,0,117,117,78,0,117,117,0,78,78,0,0,78,3250.146784120000120,509229.860780999995768
393,394,51384,New Ulm,New Ulm,51384,221,0,54,285,239,6,60,64,196,35,40,5,0,43,18639.773432800000592,14008811.246300000697374
394,395,51552,Nina,Nina,51552,3,0,121,124,97,1,121,121,2,95,95,1,0,95,1580.779043649999949,108174.521697000003769
395,396,51654,Nocona Hills,Nocona Hills,51654,552,4,38,637,560,6,43,85,495,23,28,6,4,65,21272.067859499999031,16296673.029100000858307
396,397,51828,Normandy,Normandy,51828,9,3,43,54,46,1,43,45,6,39,39,1,3,40,4146.586509419999857,663754.219358999980614
397,398,51852,Normanna,Normanna,51852,38,1,52,98,82,0,52,60,35,40,40,0,0,47,11015.853152199999386,3473164.771379999816418
398,399,51900,North Alamo,North Alamo,51900,211,6,3484,3722,2612,15,3488,3511,200,2395,2397,6,5,2412,11266.579384700000446,3686910.104559999890625
399,400,52068,North Escobares,North Escobares,52068,3,0,159,162,108,0,159,159,2,106,106,0,0,106,7206.772279019999587,1874573.597199999960139
400,401,52302,North Pearsall,North Pearsall,52302,105,3,626,739,546,1,626,634,82,460,460,1,0,464,11058.802867700000206,3681351.864010000135750
401,402,52404,North San Pedro,North San Pedro,52404,20,8,708,735,568,1,708,715,16,551,551,1,2,552,2032.277141580000034,250839.013570999988588
402,403,52992,Oakhurst,Oakhurst,52992,110,3,3,148,119,20,23,38,94,1,20,19,0,25,14996.195527600000787,3994068.037169999908656
403,404,53004,Oak Island,Oak Island,53004,201,75,71,371,299,13,84,170,171,47,59,12,57,128,8355.757196900000054,3099206.524819999933243
404,405,53212,Oak Trail Shores,Oak Trail Shores,53212,1687,17,1118,2979,2156,51,1167,1292,1346,679,704,26,13,810,11945.907645299999785,6558479.012799999676645
405,406,53556,Oilton,Oilton,53556,8,1,260,270,186,5,261,262,6,178,179,1,1,180,8396.903510539999843,3667899.114269999787211
406,407,53616,Oklaunion,Oklaunion,53616,54,2,28,88,66,1,29,34,49,12,13,1,2,17,4530.129464089999601,1157781.120289999991655
407,408,53934,Olivarez,Olivarez,53934,82,9,4145,4248,2848,20,4146,4166,56,2775,2776,5,6,2792,15138.809556099999099,9574102.629030000418425
408,409,53946,Olivia Lopez de Gutierrez,Olivia Lopez de Gutierrez,53946,0,0,49,49,42,0,49,49,0,42,42,0,0,42,788.906733928999984,24267.682384200001252
409,410,53964,Olmito,Olmito,53964,47,4,966,1021,752,6,969,974,33,713,715,5,1,719,6189.836459840000316,1878129.967189999995753
410,411,53970,Olmito and Olmito,Olmito and Olmito,53970,5,0,271,276,198,1,271,271,5,193,193,0,0,193,1181.454798140000094,72462.784599599996000
411,412,54186,Orason,Orason,54186,15,1,70,88,73,3,71,73,11,59,60,1,0,62,3762.122308900000007,857817.614044000045396
412,413,54509,Owl Ranch,Owl Ranch,54509,12,0,174,189,136,10,177,177,7,126,129,4,0,129,5666.243916280000121,1919880.258619999978691
413,414,54552,Ozona,Ozona,54552,788,14,1802,2663,2056,27,1822,1875,661,1340,1358,23,8,1395,26013.228803199999675,12032232.980900000780821
414,415,54558,Pablo Pena,Pablo Pena,54558,0,0,80,80,65,0,80,80,0,65,65,0,0,65,1005.210611230000040,40422.587252899997111
415,416,54624,Paige,Paige,54624,146,1,110,278,209,16,122,132,122,74,80,10,0,87,12138.119150000000445,5576652.032850000075996
416,417,54666,Paisano Park,Paisano Park,54666,18,0,74,96,76,2,75,78,13,60,60,1,0,63,2124.610733699999855,227172.090335999993840
417,418,54748,Palmer,Palmer,54748,20,1,1055,1082,648,4,1057,1062,10,633,635,4,0,638,7345.605812099999639,3063293.726660000160336
418,419,54810,Palmview South,Palmview South,54810,114,5,1881,2008,1432,10,1881,1894,104,1317,1317,6,3,1328,9375.084207949999836,2192299.762430000118911
419,420,54846,Palo Blanco,Palo Blanco,54846,0,0,238,238,176,0,238,238,0,176,176,0,0,176,1706.220395159999953,156442.620017000008374
420,421,54868,Paloma Creek,Paloma Creek,54868,1504,112,605,3177,2095,874,1445,1673,1051,384,889,519,71,1044,7721.228136800000357,1187311.338689999887720
421,422,54872,Paloma Creek South,Paloma Creek South,54872,3876,591,1560,9539,6545,3437,4834,5663,2910,972,3057,2139,417,3635,14276.946916499999134,3249663.975229999981821
422,423,54876,Palo Pinto,Palo Pinto,54876,207,5,47,276,235,8,54,69,172,41,48,7,5,63,7308.126187419999951,2238083.188279999885708
423,424,56252,Pawnee,Pawnee,56252,25,2,111,140,103,1,111,115,17,82,82,1,2,86,22884.931583500001580,13560188.419700000435114
424,425,56462,Pecan Acres,Pecan Acres,56462,3651,99,718,4808,3616,104,816,1157,2851,457,509,55,57,765,48695.545585899999423,53541446.046099998056889
425,426,56482,Pecan Grove,Pecan Grove,56482,12397,2721,4159,22782,16938,3249,7277,10385,9783,2774,4892,2186,1917,7155,47415.670368099999905,21809713.241900000721216
426,427,56498,Pecan Plantation,Pecan Plantation,56498,5672,74,290,6236,5586,41,327,564,5132,230,252,26,55,454,27484.004117000000406,19720654.584899999201298
427,428,56644,Pena,Pena,56644,2,0,71,73,46,0,71,71,1,45,45,0,0,45,893.458679864000032,38824.460710799998196
428,429,56660,Pendleton,Pendleton,56660,624,5,163,845,658,23,182,221,515,102,115,13,1,143,22103.753955200001656,11545108.175100000575185
429,430,56804,Perezville,Perezville,56804,755,5,1913,2685,2120,9,1917,1930,742,1362,1366,7,3,1378,6342.060642370000096,1954081.160820000106469
430,431,56864,Perrin,Perrin,56864,301,3,35,346,248,9,39,45,222,20,20,2,0,26,12607.513945200000308,4142982.202140000183135
431,432,57116,Pettus,Pettus,57116,183,4,252,449,336,1,252,266,160,170,170,0,2,176,21208.189831200001208,15051998.053500000387430
432,433,57128,Petty,Petty,57128,111,1,16,140,112,3,19,29,92,12,12,0,1,20,6170.883610619999672,1495645.041800000006333
433,434,57494,Pinebrook,Pinebrook,57494,206,1,243,485,313,11,254,279,158,131,135,4,1,155,13630.223299799999950,7129979.238800000399351
434,435,57566,Pine Harbor,Pine Harbor,57566,650,5,57,785,647,31,87,135,556,35,57,23,2,91,19508.477912800000922,12219784.651799999177456
435,436,57596,Pinehurst,Pinehurst,57596,2635,35,2325,5195,3753,123,2429,2560,2154,1428,1505,81,17,1599,33226.688696400000481,20481952.837699998170137
436,437,57752,Pinewood Estates,Pinewood Estates,57752,1398,12,109,1641,1206,57,166,243,1043,66,106,40,8,163,29473.359260400000494,34196859.320000000298023
437,438,57932,Placedo,Placedo,57932,127,11,462,625,497,16,477,498,103,369,379,11,6,394,5482.642487799999799,1444130.669220000039786
438,439,58232,Pleasant Hill,Pleasant Hill,58232,206,11,338,610,450,50,386,404,165,235,272,38,9,285,12195.451550800000405,6850929.568889999762177
439,440,58436,Plum,Plum,58436,168,1,154,366,280,46,195,198,143,107,134,27,1,137,15773.575804399999470,9055176.351399999111891
440,441,58850,Porter Heights,Porter Heights,58850,1076,20,717,1903,1395,44,755,827,851,456,480,25,16,544,13456.497318899999300,8331076.328569999895990
441,442,58928,Port Mansfield,Port Mansfield,58928,233,0,77,319,286,1,78,86,217,60,61,1,0,69,25968.828742999998212,16527990.110799999907613
442,443,58952,Port O'Connor,Port O'Connor,58952,790,3,135,954,865,3,137,164,728,111,112,2,2,137,22092.758670899998833,16331044.720499999821186
443,444,59108,Potosi,Potosi,59108,3112,99,511,3947,2899,91,581,835,2359,311,359,51,68,540,31512.229316699998890,47340320.310199998319149
444,445,59156,Powderly,Powderly,59156,1059,0,55,1261,995,52,107,202,859,39,71,32,0,136,20896.062992700000905,19287604.317800000309944
445,446,59210,Prado Verde,Prado Verde,59210,44,4,152,209,187,9,159,165,41,135,141,7,3,146,2585.050807109999823,335071.475332000001799
446,447,59216,Praesel,Praesel,59216,258,3,153,446,347,19,167,188,215,101,114,15,2,132,20206.563326999999845,13481372.590800000354648
447,448,59420,Preston,Preston,59420,1845,20,89,2101,1816,33,119,256,1618,67,83,16,13,198,26075.185019900000043,21015467.133000001311302
448,449,59528,Priddy,Priddy,59528,97,0,40,150,111,0,40,53,77,26,26,0,0,34,15177.892444499999328,10325268.591600000858307
449,450,59612,Proctor,Proctor,59612,67,1,22,93,65,2,22,26,48,15,15,0,1,17,4807.551617649999571,1045571.097059999941848
450,451,59794,Pueblo East,Pueblo East,59794,1,0,0,1,1,0,0,0,1,0,0,0,0,0,2612.197266589999799,305647.474296999978833
451,452,59798,Pueblo Nuevo,Pueblo Nuevo,59798,12,0,419,432,290,1,420,420,10,279,280,1,0,280,5260.626151960000243,1506780.047149999998510
452,453,60020,Quail,Quail,60020,16,0,1,17,17,0,1,1,16,1,1,0,0,1,15195.842024100000344,8244884.228699999861419
453,454,60026,Quail Creek,Quail Creek,60026,1013,10,670,1800,1347,79,738,787,802,454,502,54,4,545,11715.441806299999371,7956747.845089999958873
454,455,60092,Quemado,Quemado,60092,10,0,149,162,120,3,152,152,8,109,112,3,0,112,2555.060099660000105,295062.764030000020284
455,456,60098,Quesada,Quesada,60098,1,0,5,7,4,1,6,6,0,3,4,1,0,4,1336.578089659999932,22496.442368600000918
456,457,60278,Radar Base,Radar Base,60278,5,0,86,93,68,0,86,88,5,62,62,0,0,63,8643.166304540000056,2873248.312570000067353
457,458,60290,Rafael Pena,Rafael Pena,60290,0,0,16,16,15,0,16,16,0,15,15,0,0,15,482.651224161000016,13125.322765099999742
458,459,60380,Ramireno,Ramireno,60380,0,0,6,6,5,0,6,6,0,5,5,0,0,5,9141.479841570000644,3793971.557659999933094
459,460,60408,Ramirez-Perez,Ramirez-Perez,60408,0,0,64,66,44,0,64,66,0,42,42,0,0,44,1484.605547809999962,84306.824262800000724
460,461,60422,Ramos,Ramos,60422,0,1,143,144,107,3,143,144,0,106,106,0,1,107,1879.667245800000046,79437.274135600004229
461,462,60458,Ranchette Estates,Ranchette Estates,60458,0,2,103,106,74,2,104,106,0,71,72,2,2,74,5068.640142180000112,1559961.135299999965355
462,463,60478,Ranchitos del Norte,Ranchitos del Norte,60478,1,0,213,214,141,0,213,213,1,140,140,0,0,140,4351.210680920000414,1058569.123630000045523
463,464,60480,Ranchitos East,Ranchitos East,60480,3,0,186,189,118,2,186,186,0,118,118,0,0,118,2538.194113420000122,157926.976465999992797
464,465,60482,Ranchitos Las Lomas,Ranchitos Las Lomas,60482,12,1,153,167,113,0,153,155,7,104,104,0,1,106,13363.117172800000844,9415164.406279999762774
465,466,60518,Rancho Alegre,Rancho Alegre,60518,77,2,1320,1415,1040,7,1324,1338,62,966,966,2,1,978,10472.361156999999366,3306912.306109999772161
466,467,60529,Rancho Banquete,Rancho Banquete,60529,17,0,435,459,313,5,438,442,13,294,296,2,0,300,14229.939433400000780,7412328.398900000378489
467,468,60534,Rancho Chico,Rancho Chico,60534,23,2,348,387,253,9,357,364,20,222,230,8,0,233,5070.459455340000204,1333395.765649999957532
468,469,60539,Ranchos Penitas West,Ranchos Penitas West,60539,21,0,445,466,313,0,445,445,14,299,299,0,0,299,12290.588983600000574,5355658.048740000464022
469,470,60554,Rancho Viejo,Rancho Viejo,60554,1,0,230,233,160,2,230,232,0,158,158,1,0,160,1448.723813220000011,95193.578569200006314
470,471,60608,Randolph AFB,Randolph AFB,60608,713,87,219,1280,828,247,436,567,455,140,297,171,47,373,17355.931166999998823,10735220.712700000032783
471,472,60686,Ratamosa,Ratamosa,60686,52,1,133,197,159,2,133,145,41,111,111,2,1,118,9846.448208840000007,5173769.554569999687374
472,473,60932,Realitos,Realitos,60932,1,1,117,121,95,1,118,120,1,91,92,1,1,94,6173.700430220000271,687700.769076999975368
473,474,61040,Redfield,Redfield,61040,259,5,86,392,286,38,121,133,214,42,64,23,4,72,11181.791150900000503,4078152.679289999883622
474,475,61076,Redford,Redford,61076,0,0,41,43,33,1,42,43,0,31,32,1,0,33,31073.267273000001296,19201574.223099999129772
475,476,61124,Redland,Redland,61124,502,8,293,1088,824,280,571,586,412,181,400,219,5,412,15066.988002300000517,10698737.978599999099970
476,477,61280,Red Rock,Red Rock,61280,272,1,123,410,314,3,125,138,222,78,80,2,1,92,16896.646531900001719,11651519.338600000366569
477,478,61352,Redwood,Redwood,61352,362,30,3536,4003,2886,67,3580,3641,298,2505,2536,39,23,2588,22039.054438300001493,16814200.766199998557568
478,479,61454,Regino Ramirez,Regino Ramirez,61454,0,0,119,120,71,0,119,120,0,70,70,0,0,71,1288.618525809999937,58437.879333999997471
479,480,61466,Reid Hope King,Reid Hope King,61466,21,3,640,667,446,4,641,646,21,422,423,2,0,425,4297.745455999999649,788231.327683000010438
480,481,61532,Relampago,Relampago,61532,4,2,124,129,93,0,124,125,4,89,89,0,1,89,10008.260681800000384,4003019.465549999848008
481,482,61568,Rendon,Rendon,61568,9200,249,2831,13533,10388,895,3659,4333,7461,1845,2418,595,157,2927,52345.354207999997016,63765509.441500000655651
482,483,61724,Ricardo,Ricardo,61724,226,6,832,1075,790,2,832,849,186,590,590,0,5,604,15600.331935899999735,11560417.041400000452995
483,484,61766,Rice Tracts,Rice Tracts,61766,94,3,628,733,510,1,629,639,73,432,433,1,1,437,12355.916374599999472,5276360.404780000448227
484,485,61784,Richards,Richards,61784,140,0,17,184,141,23,39,44,107,12,32,20,0,34,11400.679102599999169,4733044.742870000191033
485,486,62132,Ringgold,Ringgold,62132,110,0,18,146,123,2,20,36,94,17,18,1,0,29,9031.452154059999884,3921614.153950000181794
486,487,62318,Rivereno,Rivereno,62318,0,0,62,62,42,0,62,62,0,42,42,0,0,42,730.599939554999992,26052.421069899999566
487,488,62468,Riviera,Riviera,62468,161,6,430,609,463,9,437,448,132,319,322,3,4,331,15588.111422100000709,9589546.702810000628233
488,489,62624,Rochelle,Rochelle,62624,131,2,27,169,130,6,28,38,103,17,18,3,1,27,10202.785936000000220,4156446.030439999885857
489,490,62732,Rock Island,Rock Island,62732,153,0,56,228,188,9,65,75,131,38,47,9,0,57,23856.453549400001066,13037224.913300000131130
490,491,62834,Rockwell Place,Rockwell Place,62834,1317,5,373,1811,1374,26,397,494,1041,256,261,6,1,333,10928.194466099999772,6036693.741890000179410
491,492,63164,Rosanky,Rosanky,63164,1078,14,308,1473,1167,27,333,395,888,206,228,22,8,279,36301.820673900001566,52736206.436700001358986
492,493,63332,Rosharon,Rosharon,63332,353,17,747,1362,953,209,950,1009,276,471,634,167,12,677,15854.832703899999615,8287590.098170000128448
493,494,63350,Rosita,Rosita,63350,63,10,2716,3501,2310,11,2720,3438,47,1811,1811,6,4,2263,26210.171178299999156,20972373.203099999576807
494,495,63560,Rowena,Rowena,63560,236,1,59,305,249,1,60,69,191,48,49,1,1,58,6740.219565159999547,2078554.310680000111461
495,496,64244,St. Paul,St. Paul,64244,172,2,418,608,468,7,423,436,141,312,315,5,2,327,14095.319210600000588,8586189.577369999140501
496,497,64307,Salida del Sol Estates,Salida del Sol Estates,64307,55,6,6425,6496,3615,15,6428,6441,37,3565,3568,11,2,3578,11150.285242100000687,6107691.052269999869168
497,498,64316,Salineño,Salineño,64316,3,0,173,176,108,0,173,173,3,105,105,0,0,105,1899.873556300000018,176556.011478000000352
498,499,64322,Salineño North,Salineño North,64322,0,0,116,117,80,0,116,117,0,80,80,0,0,80,5754.355066330000227,509169.622424000001047
499,500,64442,Sammy Martinez,Sammy Martinez,64442,2,0,121,123,87,0,121,121,2,85,85,0,0,85,3863.537514430000101,812039.618300999980420
500,501,64448,Samnorwood,Samnorwood,64448,18,1,4,24,22,3,6,6,18,3,4,1,1,4,9800.381340739999359,4235503.540579999797046
501,502,64460,Sam Rayburn,Sam Rayburn,64460,1183,7,31,1273,1110,12,42,90,1041,20,27,7,4,69,24625.208077300001605,25358993.186700001358986
502,503,65048,San Carlos,San Carlos,65048,56,9,3016,3087,2116,19,3018,3031,38,2065,2067,13,4,2078,9891.593721040000673,4696632.681470000185072
503,504,65049,San Carlos I,San Carlos I,65049,1,0,186,187,128,0,186,186,1,127,127,0,0,127,3161.075186900000062,347003.298688000009861
504,505,65050,San Carlos II,San Carlos II,65050,6,0,214,220,120,5,214,214,5,115,115,2,0,115,2522.692331060000015,186085.433262000005925
505,506,65084,Sanderson,Sanderson,65084,274,10,358,664,531,16,371,390,233,276,285,10,2,298,18912.264477699998679,10813645.188599999994040
506,507,65168,Sandia,Sandia,65168,56,1,253,326,235,9,258,270,48,176,181,6,0,187,6869.453918100000010,2499865.681499999947846
507,508,65210,Sandoval,Sandoval,65210,1,0,35,37,33,0,35,36,1,32,32,0,0,32,1363.851740199999995,111726.034102000005078
508,509,65240,Sand Springs,Sand Springs,65240,569,8,257,878,658,5,260,309,445,168,169,1,8,213,11453.573516799999197,6628618.373080000281334
509,510,65342,Sandy Hollow-Escondidas,Sandy Hollow-Escondidas,65342,148,0,176,342,267,7,181,194,136,124,128,4,0,131,33913.862435000002733,20828096.344999998807907
510,511,65378,San Fernando,San Fernando,65378,8,0,39,49,37,0,39,41,6,31,31,0,0,31,1015.960777069999949,62909.692186400003266
511,512,65432,San Isidro,San Isidro,65432,10,0,176,187,150,1,176,177,6,143,143,0,0,144,13207.440056400000685,8050783.313579999841750
512,513,65532,San Juan,San Juan,65532,0,0,200,203,129,0,200,203,0,129,129,0,0,129,1393.783776579999994,96759.387870199992904
513,514,65564,San Leon,San Leon,65564,3504,200,2074,6135,4869,185,2240,2631,3078,1346,1451,113,168,1791,18786.878084799998760,13229481.169700000435114
514,515,65620,San Pedro,San Pedro,65620,17,0,424,442,354,7,424,425,11,342,342,3,0,343,8505.079391749999559,3182243.901000000070781
515,516,65678,Santa Anna,Santa Anna,65678,1,0,11,12,9,0,11,11,1,8,8,0,0,8,6666.715475080000033,1820973.992120000068098
516,517,65708,Santa Cruz,Santa Cruz,65708,6,0,68,74,41,1,68,68,5,36,36,1,0,36,1437.756218960000069,71624.720906100003049
517,518,65744,Santa Maria,Santa Maria,65744,8,0,633,651,484,2,634,643,8,468,468,0,0,476,4136.622919409999668,636154.467934999964200
518,519,65756,Santa Monica,Santa Monica,65756,9,3,75,86,69,2,76,77,8,59,60,1,2,61,10520.856072000000495,2579693.997820000164211
519,520,65762,Santa Rita Ranch,Santa Rita Ranch,65762,2204,150,510,3152,2125,192,691,948,1538,315,428,118,88,587,23060.768942300001072,10218952.972599999979138
520,521,65774,Santa Rosa,Santa Rosa,65774,2,1,263,265,207,0,263,263,2,205,205,0,1,205,2671.852238469999975,199146.087075999996159
521,522,65777,Santel,Santel,65777,0,1,23,24,23,1,23,24,0,22,22,1,1,23,1219.921550730000035,73896.188122999999905
522,523,65780,Santo,Santo,65780,296,3,36,347,260,5,37,51,223,26,27,5,2,37,10571.559140100000150,3106998.790510000195354
523,524,65792,San Ygnacio,San Ygnacio,65792,39,0,465,504,371,2,465,465,22,349,349,2,0,349,10934.668585299999904,4276267.364919999614358
524,525,65864,Sargent,Sargent,65864,1039,15,97,1212,1088,20,115,173,952,78,86,8,8,136,40778.255677300003299,22193265.452199999243021
525,526,65876,Sarita,Sarita,65876,31,4,168,205,160,5,169,174,24,135,135,2,2,136,8625.298321860000215,2987310.407740000169724
526,527,66000,Savannah,Savannah,66000,3677,367,1056,6529,4412,1312,2292,2852,2623,642,1409,792,234,1789,6685.196063719999984,2504928.232950000092387
527,528,66089,Scenic Oaks,Scenic Oaks,66089,5908,760,3305,10458,7525,402,3634,4550,4544,2168,2384,241,486,2981,23444.724270399998204,20407620.025899998843670
528,529,66248,Scissors,Scissors,66248,41,11,3701,3758,2406,8,3702,3717,22,2374,2374,4,7,2384,16249.352934099999402,4143058.059150000102818
529,530,66512,Sebastian,Sebastian,66512,76,5,1581,1684,1303,12,1585,1608,59,1218,1222,8,5,1244,11406.218157100000099,4337769.556049999780953
530,531,66536,Seco Mines,Seco Mines,66536,11,0,559,572,402,0,559,561,9,391,391,0,0,393,5263.931317300000046,1510970.815290000056848
531,532,66686,Seis Lagos,Seis Lagos,66686,1124,105,114,1450,1060,42,153,326,851,63,93,32,70,209,6725.104738539999744,2072170.407820000080392
532,533,66806,Serenada,Serenada,66806,1680,58,256,2098,1722,60,308,418,1414,177,220,46,38,308,21926.505334699999366,5699748.063439999707043
533,534,66848,Seth Ward,Seth Ward,66848,294,4,1274,1603,1145,27,1288,1309,252,864,876,17,4,893,9663.502194369999415,5830640.667759999632835
534,535,67010,Shadybrook,Shadybrook,67010,1965,26,148,2400,1876,139,284,435,1577,85,177,92,17,299,23634.220651700001326,23890062.649599999189377
535,536,67082,Shady Hollow,Shady Hollow,67082,3431,246,897,4822,3698,159,1025,1391,2742,600,684,101,173,956,14267.339731399999437,5586658.597240000031888
536,537,67340,Sheffield,Sheffield,67340,93,3,58,174,141,16,72,81,78,45,58,15,0,63,7593.315948710000157,2283383.303210000041872
537,538,67364,Shelbyville,Shelbyville,67364,79,1,8,100,70,9,16,21,58,4,8,4,1,12,7042.171572629999901,1734663.186470000073314
538,539,67376,Sheldon,Sheldon,67376,366,33,1723,2361,1628,257,1953,1995,311,1106,1279,194,23,1317,15065.264662699999462,6465241.409509999677539
539,540,67472,Sheridan,Sheridan,67472,342,6,141,520,398,17,155,178,297,76,82,6,4,101,22118.945986899998388,14374612.246300000697374
540,541,67554,Sherwood Shores,Sherwood Shores,67554,1022,1,56,1165,1011,14,70,143,915,39,47,8,1,96,14132.184505999999601,10423785.682800000533462
541,542,67664,Shiro,Shiro,67664,139,0,32,201,153,28,60,62,107,26,44,18,0,46,13683.132472200000848,6645511.848299999721348
542,543,67763,Sienna,Sienna,67763,9483,3013,3079,20204,13537,4423,7315,10721,6493,1871,4717,2923,2061,7044,39840.037773399999423,34289015.049699999392033
543,544,67772,Sierra Blanca,Sierra Blanca,67772,92,14,209,315,239,6,212,223,80,147,149,3,14,159,21179.175736699999106,12332757.955299999564886
544,545,67775,Siesta Acres,Siesta Acres,67775,39,8,1816,1866,1383,14,1817,1827,29,1345,1346,8,8,1354,4621.701895920000425,1058379.468929999973625
545,546,67778,Siesta Shores,Siesta Shores,67778,67,5,1373,1450,957,0,1373,1383,50,899,899,0,3,907,8965.501205050000863,4102078.129619999788702
546,547,68132,Skidmore,Skidmore,68132,290,8,537,863,652,15,546,573,233,390,395,6,7,419,30378.304868200000783,27273465.744899999350309
547,548,68678,Solis,Solis,68678,53,7,657,722,470,14,658,669,39,422,422,4,4,431,15556.240326900000582,4363588.253150000236928
548,549,68762,Sonterra,Sonterra,68762,3590,239,2941,7679,5260,858,3658,4089,2642,1837,2326,544,149,2618,14027.092462200000227,6116055.688249999657273
549,550,68846,South Alamo,South Alamo,68846,38,13,3345,3414,2293,9,3348,3376,21,2245,2248,8,13,2272,10529.248049100000571,5293609.244250000454485
550,551,68966,South Fork Estates,South Fork Estates,68966,15,2,119,136,93,0,119,121,6,85,85,0,2,87,13823.588676299999861,8670409.507659999653697
551,552,69072,South La Paloma,South La Paloma,69072,116,1,219,347,247,4,221,231,93,142,144,2,0,154,12865.298800299999129,3755818.446130000054836
552,553,69194,South Point,South Point,69194,32,1,973,1014,739,7,976,982,26,706,709,4,0,713,8416.252215119999164,3480252.331060000229627
553,554,69326,South Toledo Bend,South Toledo Bend,69326,399,5,12,434,409,8,19,35,381,11,18,7,4,28,29947.252101400001266,14674739.400200000032783
554,555,69353,Southwest Sandhill,Southwest Sandhill,69353,747,12,841,1666,1224,41,865,919,594,575,595,27,4,630,31391.885600000001432,18992232.506799999624491
555,556,69380,Spade,Spade,69380,37,1,31,71,52,5,33,34,30,20,22,3,0,22,9578.712649209999654,4838879.647579999640584
556,557,69432,Sparks,Sparks,69432,51,28,4659,4760,3309,30,4679,4709,34,3248,3259,17,15,3275,7848.803993380000065,3611068.174930000212044
557,558,69596,Spring,Spring,69596,18408,2512,23704,62559,45764,17417,40295,44151,15485,15986,27310,11711,1908,30279,83111.720889699994586,58904024.836400002241135
558,559,69708,Spring Gardens,Spring Gardens,69708,25,2,468,497,352,0,468,472,16,333,333,0,0,336,6441.003256089999923,2592623.384420000016689
559,560,70154,Steiner Ranch,Steiner Ranch,70154,10955,2689,2120,16713,11345,534,2618,5758,7701,1296,1617,329,1717,3644,23009.021334299999580,17122925.745799999684095
560,561,70460,Stonewall,Stonewall,70460,285,1,153,451,383,6,159,166,261,111,115,4,1,122,29693.350651500000822,39148227.957299999892712
561,562,70520,Stowell,Stowell,70520,789,9,583,1743,1232,325,903,954,614,336,583,251,3,618,24344.734447099999670,26437007.393599998205900
562,563,70688,Study Butte,Study Butte,70688,85,1,107,200,157,3,110,115,81,68,71,3,1,76,23373.080549199999950,12295815.356599999591708
563,564,70940,Summerfield,Summerfield,70940,18,2,11,34,28,4,14,16,16,7,10,4,2,12,3685.194429080000191,399526.846229000017047
564,565,71236,Sunrise Shores,Sunrise Shores,71236,492,11,45,598,494,24,64,106,429,22,34,13,7,65,4974.449016530000335,1419096.829510000068694
565,566,71264,Sunset,Sunset (Montague),71264,468,2,48,543,445,5,53,75,391,34,37,3,1,54,17062.348034200000257,12758445.359500000253320
566,567,71274,Sunset,Sunset (Starr),71274,2,0,32,34,24,0,32,32,1,23,23,0,0,23,1243.670590360000006,86693.874583299999358
567,568,71289,Sunset Acres,Sunset Acres,71289,0,0,4,4,3,0,4,4,0,3,3,0,0,3,1044.681830989999980,43793.873996900001657
568,569,71636,Sylvester,Sylvester,71636,40,1,11,52,42,3,12,12,35,7,7,1,0,7,9221.983426590000818,2286864.230740000028163
569,570,71696,Taft Southwest,Taft Southwest,71696,56,5,1223,1296,989,10,1232,1240,45,932,939,8,3,944,9006.238094000000274,1338251.520899999886751
570,571,71820,Tanquecitos South Acres,Tanquecitos South Acres,71820,10,0,217,229,157,5,218,219,4,152,153,5,0,153,4624.161130759999651,1234104.443160000024363
571,572,71824,Tanquecitos South Acres II,Tanquecitos South Acres II,71824,1,1,59,60,46,0,59,59,1,45,45,0,1,45,1734.171075960000053,178400.731196999986423
572,573,72248,Terlingua,Terlingua,72248,64,0,9,78,71,0,9,14,59,9,9,0,0,12,26444.959106099999190,28455838.319299999624491
573,574,72581,The Homesteads,The Homesteads,72581,1167,23,2541,3890,2809,45,2576,2723,973,1713,1731,20,15,1836,13382.925522499999715,9856702.479539999738336
574,575,72656,The Woodlands,The Woodlands,72656,74477,11094,20968,114436,84570,5320,25896,39959,57759,13973,17263,3480,7376,26811,115460.288029999996070,113151086.440999999642372
575,576,72758,Thompsonville,Thompsonville,72758,6,0,19,26,24,0,19,20,6,17,17,0,0,18,19803.859810199999629,10072327.669700000435114
576,577,72902,Thunderbird Bay,Thunderbird Bay,72902,674,2,48,764,658,11,57,90,590,33,39,8,2,68,12695.779330800000025,7574277.533979999832809
577,578,72948,Tierra Bonita,Tierra Bonita,72948,3,2,173,179,124,3,174,176,3,120,120,1,0,121,7279.130681010000444,2355392.028070000000298
578,579,72950,Tierra Dorada,Tierra Dorada,72950,1,0,27,29,22,1,28,28,0,21,22,1,0,22,977.250683888000026,47390.764014599997608
579,580,72952,Tierra Grande,Tierra Grande,72952,50,2,252,303,223,1,252,253,40,182,182,0,2,183,16495.481547700001101,12183633.413699999451637
580,581,72954,Tierra Verde,Tierra Verde,72954,16,1,279,298,218,8,280,282,10,206,206,6,1,208,9652.534685290000198,5176403.866559999994934
581,582,72992,Tilden,Tilden,72992,62,6,117,190,157,7,119,128,58,91,92,3,4,99,5431.934731260000262,899125.161966999992728
582,583,73057,Timberwood Park,Timberwood Park,73057,17670,2654,12257,35217,25349,2307,14265,17547,13367,8224,9626,1560,1775,11982,37479.805748300001142,52708608.317900002002716
583,584,73148,Tivoli,Tivoli,73148,97,5,306,419,317,13,317,322,82,225,232,9,1,235,7293.140903249999610,2888195.472560000140220
584,585,73376,Tornillo,Tornillo,73376,30,5,1398,1432,1053,4,1399,1402,22,1028,1028,0,3,1031,14910.272328799999741,9008865.857449999079108
585,586,73424,Tow,Tow,73424,207,4,11,226,203,1,12,19,189,6,7,1,4,14,17501.524260800000775,8862621.019330000504851
586,587,73526,Tradewinds,Tradewinds,73526,31,0,128,160,129,3,129,129,29,99,100,1,0,100,7408.947088369999619,2801778.555590000003576
587,588,73562,Travis Ranch,Travis Ranch,73562,3025,444,1624,7324,4691,2121,3697,4299,2089,939,2171,1245,297,2602,12222.888010200000281,3116383.039909999817610
588,589,73856,Tuleta,Tuleta,73856,129,1,90,231,177,1,90,102,102,67,67,0,0,75,17366.267112400000769,11562562.575699999928474
589,590,73904,Tulsita,Tulsita,73904,26,0,3,31,25,1,4,5,22,2,2,0,0,3,4671.624185929999840,752660.852141999988817
590,591,73928,Tunis,Tunis,73928,5,0,10,90,71,73,81,85,5,6,64,58,0,66,4354.290897220000261,681464.938880000030622
591,592,74168,Tynan,Tynan,74168,49,2,203,254,185,0,203,205,34,150,150,0,1,151,16618.303448800001206,8943985.444339999929070
592,593,74228,Umbarger,Umbarger,74228,97,5,14,123,89,1,15,26,70,11,12,1,4,19,8062.023383269999613,2664325.747159999795258
593,594,74576,Utopia,Utopia,74576,184,0,28,225,185,2,29,41,157,18,18,0,0,28,12525.873597199999494,7644882.077490000054240
594,595,74594,Uvalde Estates,Uvalde Estates,74594,178,6,1675,1879,1328,14,1680,1701,137,1168,1173,7,5,1191,15895.748719200000778,15320264.376399999484420
595,596,74660,Valera,Valera,74660,61,2,27,94,72,0,27,33,49,20,20,0,1,23,3328.418106629999784,562153.761322999955155
596,597,74667,Valle Hermoso,Valle Hermoso,74667,1,1,91,93,55,0,91,92,0,55,55,0,0,55,6212.975554970000303,1415671.956900000106543
597,598,74668,Valle Verde,Valle Verde,74668,0,0,0,0,0,0,0,0,0,0,0,0,0,0,2940.832997749999777,513704.585610000009183
598,599,74670,Valle Vista,Valle Vista,74670,0,0,544,545,383,4,545,545,0,382,383,2,0,383,1943.327694419999943,207992.905513000005158
599,600,74895,Val Verde Park,Val Verde Park,74895,136,13,2170,2332,1658,18,2179,2196,119,1524,1530,9,7,1539,6756.725858990000233,2111456.999170000199229
600,601,74984,Vanderbilt,Vanderbilt,74984,194,12,172,409,291,22,190,215,136,128,142,15,6,155,11499.374209899999187,4922946.582150000147521
601,602,75068,Van Vleck,Van Vleck,75068,1000,11,650,1923,1434,242,877,923,766,457,631,178,8,668,28463.599105599998438,18883027.343600001186132
602,603,75432,Victoria Vera,Victoria Vera,75432,1,0,92,93,67,0,92,92,1,66,66,0,0,66,653.722929380999972,24513.620652199999313
603,604,75554,Villa del Sol,Villa del Sol,75554,0,2,150,153,107,3,151,153,0,105,105,0,1,107,3974.205902759999844,493213.753811999980826
604,605,75614,Villa Pancho,Villa Pancho,75614,9,0,453,467,352,0,453,458,5,344,344,0,0,347,4645.745909790000042,763868.258871000027284
605,606,75617,Villarreal,Villarreal,75617,0,0,112,112,94,0,112,112,0,94,94,0,0,94,2063.497325259999798,176149.756075999990571
606,607,75626,Villa Verde,Villa Verde,75626,17,8,688,711,535,2,688,694,15,517,517,1,1,520,5097.463279380000131,762290.350063999998383
607,608,76012,Wadsworth,Wadsworth,76012,238,4,53,302,240,5,58,64,193,38,41,3,3,47,24581.918698099998437,19323869.245900001376867
608,609,76048,Waka,Waka,76048,35,0,13,50,32,1,14,15,25,5,6,1,0,7,2989.039132849999987,344297.647646000026725
609,610,76564,Warren,Warren,76564,623,5,7,677,538,7,13,54,498,5,9,4,3,40,18285.153365400001348,10896801.089500000700355
610,611,76612,Washburn,Washburn,76612,99,2,7,116,91,3,10,17,81,4,5,1,0,10,6412.871302229999856,2494402.131200000178069
611,612,77080,Welch,Welch,77080,117,3,112,234,139,4,116,117,65,69,73,4,3,74,9980.990213429999130,3771679.766909999772906
612,613,77196,Wells Branch,Wells Branch,77196,5497,1302,4365,14000,11210,2854,7004,8503,4775,3229,5226,2117,1010,6435,14414.758951399999205,6274542.383820000104606
613,614,77336,West Alto Bonito,West Alto Bonito,77336,9,0,606,615,415,3,606,606,7,408,408,2,0,408,2371.991460159999860,297857.294955999997910
614,615,77422,Westdale,Westdale,77422,149,0,168,325,233,2,170,176,114,114,115,1,0,119,15498.235636400000658,10418014.271700000390410
615,616,77490,Western Lake,Western Lake,77490,854,12,823,1762,1275,12,835,908,693,516,522,6,8,582,14854.907611500000712,9066815.894470000639558
616,617,77662,West Livingston,West Livingston,77662,3962,100,2129,8156,7091,1840,3936,4194,3395,1782,3484,1725,86,3696,45593.845124999999825,77419667.998899996280670
617,618,77680,Westminster,Westminster,77680,637,15,315,1035,785,14,328,398,533,187,196,10,13,252,14786.146182799999224,10306256.251800000667572
618,619,77728,West Odessa,West Odessa,77728,7794,123,24602,33340,23165,490,24967,25546,6194,16287,16537,311,84,16971,56537.551534600002924,160476203.821999996900558
619,620,77866,West Sharyland,West Sharyland,77866,42,3,1955,2004,1428,4,1957,1962,31,1390,1392,3,3,1397,8108.537023959999715,3054831.556470000185072
620,621,78016,Westway,Westway,78016,106,18,3660,3811,2812,31,3676,3705,85,2700,2707,15,15,2727,11636.791463800000201,2962711.103159999940544
621,622,78040,Westwood Shores,Westwood Shores,78040,1098,9,77,1239,1082,26,103,141,990,55,64,9,9,92,14007.006072300000596,9712877.362829999998212
622,623,78640,Whitharral,Whitharral,78640,55,3,59,119,92,1,59,64,47,40,40,0,2,45,7165.452827969999817,2870091.461290000006557
623,624,79180,Wildorado,Wildorado,79180,149,3,28,201,149,10,38,52,116,18,24,6,2,33,13206.371034100000543,6095455.699839999899268
624,625,79192,Wild Peach Village,Wild Peach Village,79192,1627,18,420,2329,1826,190,602,702,1317,283,421,141,15,509,28920.272423999998864,25844148.504500001668930
625,626,79204,Wildwood,Wildwood,79204,1038,3,48,1121,940,6,52,83,879,33,35,3,2,61,18611.562121300001309,12146363.486999999731779
626,627,79456,Willow Grove,Willow Grove,79456,1541,22,394,2082,1624,69,452,541,1268,243,281,41,17,356,17658.765358000000560,13318030.038000000640750
627,628,79756,Wingate,Wingate,79756,54,2,24,83,65,1,25,29,46,14,15,1,2,19,11163.665006699999140,5628642.524950000457466
628,629,79792,Winnie,Winnie,79792,1912,22,1002,3162,2336,155,1149,1250,1543,612,712,108,19,793,14608.447212400000353,10206084.199200000613928
629,630,80350,Wyldwood,Wyldwood,80350,1807,72,1524,3694,2823,213,1722,1887,1545,998,1150,155,38,1278,35680.130916100002651,31224177.555700000375509
630,631,80428,Yancey,Yancey,80428,90,3,202,300,241,3,203,210,71,163,164,2,3,170,18953.087998499999230,12949400.920199999585748
631,632,80686,Yznaga,Yznaga,80686,9,0,99,108,82,2,99,99,8,74,74,0,0,74,23552.143841500001145,14191482.931500000879169
632,633,80716,Zapata,Zapata,80716,267,21,5067,5383,3830,18,5079,5116,234,3564,3572,12,16,3596,29154.661944300001778,25011531.847399998456240
633,634,80722,Zapata Ranch,Zapata Ranch,80722,8,2,77,87,71,0,77,79,8,61,61,0,2,63,7766.365447010000025,3659159.631039999891073
634,635,80724,Zarate,Zarate,80724,1,1,77,79,50,0,77,78,1,49,49,0,0,49,896.199763039999993,48851.883252100000391
635,636,80740,Zephyr,Zephyr,80740,162,0,14,179,139,0,14,17,127,9,9,0,0,12,10409.901212299999315,3906605.757590000052005
636,637,80836,Zuehl,Zuehl,80836,302,9,74,399,303,6,79,97,245,44,46,3,7,58,37278.349557800000184,13655932.933900000527501