FID,FIPS,CNTYKEY,FENAME,anglo,asian,hisp,total,vap,black,bh,nanglo,anglovap,hispvap,bhvap,blackvap,asianvap,nanglovap,Shape_Leng,Shape_Area
0,001,1,ANDERSON,33098,543,11111,57922,47381,12253,23107,24824,27667,8350,18374,10146,396,19714,373745.841489000013098,2780466171.219999790191650
1,003,2,ANDREWS,7405,153,10400,18610,12948,376,10683,11205,5636,6731,6942,247,99,7312,256976.117571999988286,3872734262.099999904632568
2,005,3,ANGELINA,49970,1169,19732,86395,65058,14115,33448,36425,40104,12872,22687,9968,857,24954,344349.841497000015806,2230237449.000000000000000
3,007,4,ARANSAS,15816,655,6158,23830,19816,394,6486,8014,13935,4397,4622,253,495,5881,200974.380757000006270,1365528987.339999914169312
4,009,5,ARCHER,7356,74,742,8560,6612,106,831,1204,5811,474,528,64,48,801,195629.480336000007810,2391373468.460000038146973
5,011,6,ARMSTRONG,1593,28,144,1848,1427,34,162,255,1258,85,94,17,19,169,194691.746327000000747,2367077763.639999866485596
6,013,7,ATASCOSA,16066,396,31178,48981,35983,736,31684,32915,12906,21784,22137,462,268,23077,234917.631881999986945,3155154583.099999904632568
7,015,8,AUSTIN,18480,304,8052,30167,23157,2791,10630,11687,15123,5357,7231,1949,218,8034,258067.187321000004886,1693652849.450000047683716
8,017,9,BAILEY,2190,19,4540,6904,4838,91,4600,4714,1782,2946,2980,41,10,3056,187537.663850999990245,2139928594.109999895095825
9,019,10,BANDERA,15595,219,4010,20851,17349,270,4247,5256,13395,2948,3114,181,158,3954,212446.627299999992829,2058459410.440000057220459
10,021,11,BASTROP,45751,1287,41484,97216,73027,6873,47762,51465,38286,27108,31839,4966,871,34741,189802.963125999987824,2310474043.460000038146973
11,023,12,BAYLOR,2797,22,439,3465,2636,113,534,668,2212,275,329,59,6,424,193030.487606000009691,2328013531.119999885559082
12,025,13,BEE,8600,307,19392,31047,25022,2558,21804,22447,7344,14920,17161,2303,264,17678,232989.475811999989673,2275617810.539999961853027
13,027,14,BELL,156780,18271,93467,370647,272163,100605,184933,213867,126124,61176,124418,67479,12891,146039,220484.790691000001971,2811804074.210000038146973
14,029,15,BEXAR,535732,94562,1190958,2009324,1512388,196197,1358765,1473592,446153,854043,978732,137826,67952,1066235,284421.576745000027586,3242355559.809999942779541
15,031,16,BLANCO,8707,100,2092,11374,9421,123,2196,2667,7461,1514,1598,98,72,1960,175703.952140999987023,1840387346.309999942779541
16,033,17,BORDEN,528,14,86,631,471,16,95,103,414,53,56,6,5,57,193560.113821000006283,2338400256.320000171661377
17,035,18,BOSQUE,13621,148,3321,18235,14456,503,3737,4614,11392,2148,2422,305,88,3064,257781.621928999986267,2585929320.730000019073486
18,037,19,BOWIE,55855,1506,7602,92893,71537,25188,32451,37038,44983,5263,23077,17961,1063,26554,409382.909624000021722,2383897651.900000095367432
19,039,20,BRAZORIA,161833,29997,115202,372031,275900,61118,173026,210198,129282,77672,119635,43332,20997,146618,327883.855019000009634,4153859534.989999771118164
20,041,21,BRAZOS,123035,16856,63067,233849,185935,27910,88787,110814,103939,45137,63682,19871,14201,81996,293887.877016999991611,1524921835.009999990463257
21,043,22,BREWSTER,4948,164,3963,9546,7846,287,4176,4598,4318,2982,3171,223,122,3528,630743.374401999986731,15979580412.899999618530273
22,045,23,BRISCOE,1008,13,368,1435,1113,30,391,427,811,259,276,17,10,302,193137.325913000007858,2333099044.610000133514404
23,047,24,BROOKS,724,48,6242,7076,5329,47,6271,6352,643,4593,4622,29,38,4686,215211.006064999994123,2446255992.929999828338623
24,049,25,BROWN,26672,382,8211,38095,29878,1881,9884,11423,21949,5525,6707,1263,279,7929,216690.868496000010055,2468217231.929999828338623
25,051,26,BURLESON,11258,118,3712,17642,13911,2145,5737,6384,9403,2503,3989,1532,82,4508,258632.260627000010572,1745858716.950000047683716
26,053,27,BURNET,34810,629,11199,49130,38983,1011,12068,14320,29264,7372,7950,652,449,9719,254291.868966000009095,2635265577.150000095367432
27,055,28,CALDWELL,16560,444,25468,45883,34034,2932,28025,29323,13943,17100,19078,2105,294,20091,194094.647380999987945,1410059535.660000085830688
28,057,29,CALHOUN,8374,1169,9858,20106,15502,534,10271,11732,7072,6980,7317,390,866,8430,261499.229105000005802,2669295105.489999771118164
29,059,30,CALLAHAN,11555,109,1306,13708,10696,269,1545,2153,9221,867,1008,151,81,1475,192815.825313000008464,2325200432.010000228881836
30,061,31,CAMERON,37107,3637,376680,421017,301208,3410,378477,383910,31674,264000,265300,2103,2787,269534,366725.719449000025634,3316918341.139999866485596
31,063,32,CAMP,6734,154,3222,12464,9345,2092,5262,5730,5501,1998,3479,1497,123,3844,140913.240938000002643,524638840.515999972820282
32,065,33,CARSON,4873,33,558,5807,4401,91,636,934,3734,382,443,69,28,667,195746.720946999994339,2396307689.460000038146973
33,067,34,CASS,21028,199,1336,28454,22227,4941,6224,7426,16930,844,4410,3598,137,5297,274698.681801000027917,2479288031.599999904632568
34,069,35,CASTRO,2328,49,4784,7371,5277,155,4905,5043,1867,3215,3309,105,45,3410,193251.179411999997683,2327200309.679999828338623
35,071,36,CHAMBERS,29858,879,10952,46571,33464,3763,14512,16713,22476,6781,9389,2689,589,10988,266580.749858000024687,2248155411.199999809265137
36,073,37,CHEROKEE,30095,418,11797,50412,37887,7069,18714,20317,24051,7472,12585,5164,289,13836,373945.359770999988541,2739676809.480000019073486
37,075,38,CHILDRESS,3852,93,1942,6664,5318,672,2585,2812,3116,1461,2021,580,64,2202,173330.556562999991002,1846958978.309999942779541
38,077,39,CLAY,8941,87,641,10218,8144,121,745,1277,7247,394,463,74,69,897,253794.938101000007009,2886031179.530000209808350
39,079,40,COCHRAN,912,16,1527,2547,1817,94,1594,1635,709,1019,1076,62,13,1108,179611.545115999993868,2002706350.740000009536743
40,081,41,COKE,2473,17,661,3285,2634,23,671,812,2036,471,479,14,6,598,197364.795691000006627,2393614741.130000114440918
41,083,42,COLEMAN,6013,58,1192,7684,6165,236,1396,1671,4994,815,942,135,40,1171,278757.269553999998607,3305138018.929999828338623
42,085,43,COLLIN,542472,206884,169158,1064465,786838,126186,289913,521993,425932,112750,196791,86611,144989,360906,195025.129983999999240,2287412898.289999961853027
43,087,44,COLLINGSWORTH,1617,32,832,2652,1988,148,955,1035,1309,520,615,98,24,679,195307.358520000008866,2381307070.170000076293945
44,089,45,COLORADO,11761,132,5990,20557,16093,2535,8336,8796,9930,4026,5807,1827,90,6163,245829.568999000010081,2512982426.019999980926514
45,091,46,COMAL,105250,3517,43590,161501,126535,5409,48172,56251,86680,30300,33708,3834,2426,39855,199165.824771999992663,1483459565.670000076293945
46,093,47,COMANCHE,9197,62,3867,13594,10566,127,3949,4397,7677,2506,2557,72,47,2889,212120.872070000012172,2444476038.349999904632568
47,095,48,CONCHO,2097,47,1033,3303,2851,105,1121,1206,1885,815,895,91,33,966,222086.189054999995278,2562726379.159999847412109
48,097,49,COOKE,29404,446,8519,41668,31523,1687,10062,12264,23797,5132,6130,1041,320,7726,298473.131011000019498,2321463076.989999771118164
49,099,50,CORYELL,46213,3238,16482,83093,62606,15290,30436,36880,36642,11259,21287,10659,2270,25964,209107.979755999986082,2725536945.170000076293945
50,101,51,COTTLE,902,18,327,1380,1097,128,440,478,764,226,305,90,14,333,204872.873300000006566,2331186158.800000190734863
51,103,52,CRANE,1342,39,3158,4675,3351,102,3237,3333,1130,2087,2147,71,26,2221,250857.385447000007844,2026398333.829999923706055
52,105,53,CROCKETT,1080,23,1920,3098,2394,36,1945,2018,902,1416,1437,29,17,1492,514706.081314000010025,7240638835.479999542236328
53,107,54,CROSBY,2076,41,2829,5133,3812,203,2965,3057,1760,1873,1980,129,22,2052,193065.184481000003871,2329624441.699999809265137
54,109,55,CULBERSON,445,50,1645,2188,1721,48,1673,1743,396,1252,1274,38,31,1325,424663.762199999997392,9832485648.049999237060547
55,111,56,DALLAM,3119,33,3707,7115,5022,142,3837,3996,2374,2447,2536,96,21,2648,257201.674869999988005,3912880502.110000133514404
56,113,57,DALLAS,724987,203085,1057835,2613539,1972578,611735,1649689,1888552,622696,722471,1165513,452877,154229,1349882,193665.080931000004057,2344864895.469999790191650
57,115,58,DAWSON,4590,86,6767,12456,9450,1004,7665,7866,3754,4733,5538,842,63,5696,193056.237259999994421,2328271997.929999828338623
58,117,59,DEAF SMITH,4233,78,13925,18583,12949,290,14080,14350,3472,9156,9251,168,58,9477,256572.086146999994526,3881140942.039999961853027
59,119,60,DELTA,4189,63,394,5230,4081,402,765,1041,3361,252,511,271,38,720,237037.768037000001641,717831985.447999954223633
60,121,61,DENTON,485646,106260,182778,906422,678416,113638,290458,420776,385461,122901,199386,79448,74894,292955,198702.391215999989072,2457349226.980000019073486
61,123,62,DE WITT,10854,105,6890,19824,15418,1867,8564,8970,8969,4826,6120,1353,77,6449,212263.148421999998391,2351276275.300000190734863
62,125,63,DICKENS,1178,21,512,1770,1369,64,548,592,969,339,365,43,17,400,193600.965506000007736,2338744500.880000114440918
63,127,64,DIMMIT,898,94,7487,8615,6308,129,7570,7717,746,5387,5453,89,73,5562,239098.984824999992270,3449610278.119999885559082
64,129,65,DONLEY,2537,42,356,3258,2591,227,561,721,2089,232,374,155,29,502,196744.221638999995776,2416863071.840000152587891
65,131,66,DUVAL,937,66,7962,9831,7512,208,8133,8894,819,5963,6114,172,45,6693,293024.289667000004556,4647963542.199999809265137
66,133,67,EASTLAND,13653,169,2934,17725,13986,497,3380,4072,11156,1953,2309,371,123,2830,199107.079609999986133,2404323808.519999980926514
67,135,68,ECTOR,51023,2940,100051,165171,119460,9522,108362,114148,40953,68159,74112,6512,2161,78507,192921.160834999987856,2326088903.309999942779541
68,137,69,EDWARDS,651,26,718,1422,1140,17,725,771,570,528,535,14,14,570,343489.825653999985661,5469562575.199999809265137
69,139,70,ELLIS,106495,2639,52032,192455,140984,27000,77843,85960,83519,33562,51592,18423,1708,57465,225340.923366000002716,2456065081.940000057220459
70,141,71,EL PASO,98219,18392,715351,865657,644962,38200,743885,767438,81341,524130,545457,25935,13380,563621,247984.504179000010481,2618676464.440000057220459
71,143,72,ERATH,30006,557,9254,42545,33837,1646,10774,12539,24826,6339,7628,1346,381,9011,216030.411794000014197,2811521392.380000114440918
72,145,73,FALLS,8707,106,3965,16968,13446,4023,7845,8261,7321,2791,5781,3033,78,6125,182265.829449999990175,1995792701.519999980926514
73,147,74,FANNIN,27042,319,4218,35662,28127,2628,6760,8620,21882,2816,4847,2066,237,6245,233231.262755000003381,2322292862.170000076293945
74,149,75,FAYETTE,17041,129,5216,24435,19396,1722,6785,7394,14404,3423,4509,1141,96,4992,208372.553285000001779,2476613137.619999885559082
75,151,76,FISHER,2496,27,973,3672,2862,149,1088,1176,2010,689,765,87,17,852,192921.201562000002014,2327304447.070000171661377
76,153,77,FLOYD,2079,39,3067,5402,3929,207,3228,3323,1736,2023,2135,127,18,2193,202953.052311000006739,2566208606.230000019073486
77,155,78,FOARD,845,12,197,1095,899,33,220,250,727,136,148,19,9,172,240841.365229999995790,1829430012.519999980926514
78,157,79,FORT BEND,243726,194276,198580,822779,596993,183786,375485,579053,187278,135560,262022,129868,140171,409715,259612.043317000003299,2284943089.670000076293945
79,159,80,FRANKLIN,7876,104,1455,10359,8023,534,1943,2483,6343,967,1273,329,62,1680,148255.907185999996727,761111923.373999953269958
80,161,81,FREESTONE,12817,143,3155,19435,15292,3038,6112,6618,10431,2086,4440,2385,96,4861,253168.335152999992715,2300608225.750000000000000
81,163,82,FRIO,3053,218,14171,18385,13825,767,14897,15332,2534,10302,10967,693,185,11291,217638.900610999990022,2930210258.889999866485596
82,165,83,GAINES,12554,139,8401,21598,14135,356,8676,9044,8136,5544,5741,216,89,5999,257431.626213999988977,3878648139.150000095367432
83,167,84,GALVESTON,191358,15636,88636,350682,267382,49174,135263,159324,155020,60159,94131,35043,11429,112362,297622.057350000017323,2255960976.309999942779541
84,169,85,GARZA,2162,56,3272,5816,4789,381,3554,3654,1798,2701,2911,257,33,2991,191902.767904000007547,2314066286.889999866485596
85,171,86,GILLESPIE,19884,213,5766,26725,21921,245,5941,6841,17137,3944,4053,135,156,4784,217228.074132000008831,2738666530.670000076293945
86,173,87,GLASSCOCK,710,2,387,1116,844,27,399,406,564,267,277,18,2,280,192857.723450999998022,2324197831.619999885559082
87,175,88,GOLIAD,4246,60,2288,7012,5500,349,2569,2766,3505,1633,1840,250,43,1995,225876.977844000008190,2220566397.289999961853027
88,177,89,GONZALES,8159,122,9897,19653,14689,1391,11074,11494,6868,6585,7487,979,92,7821,219760.643432000011671,2761635304.500000000000000
89,179,90,GRAY,13025,192,6347,21227,16102,1039,7313,8202,10552,4097,4869,804,138,5550,196363.291888999985531,2409847384.420000076293945
90,181,91,GRAYSON,95211,2686,20868,135543,103923,9856,30196,40332,77134,12990,19397,6595,1858,26789,243460.547254000004614,2529908781.739999771118164
91,183,92,GREGG,68050,2137,24040,124239,94003,27498,50879,56189,55477,15040,34535,19755,1572,38526,137899.363206999987597,711578650.031000018119812
92,185,93,GRIMES,16910,195,7361,29268,23045,4217,11400,12358,14091,5011,8192,3249,151,8954,253840.058470999996644,2067581190.220000028610229
93,187,94,GUADALUPE,84063,5607,65233,172706,128222,16066,79288,88643,66985,44169,54385,11044,3780,61237,248573.916993999999249,1844856966.990000009536743
94,189,95,HALE,10693,243,19489,32522,24143,1807,21052,21829,8928,13372,14598,1328,171,15215,204199.973437999986345,2597880637.460000038146973
95,191,96,HALL,1589,30,950,2825,2199,237,1159,1236,1379,617,764,160,11,820,193512.075792999996338,2339636203.590000152587891
96,193,97,HAMILTON,6805,63,1045,8222,6491,68,1104,1417,5506,678,718,45,53,985,200523.776003000006313,2157207863.309999942779541
97,195,98,HANSFORD,2552,15,2615,5285,3776,43,2643,2733,2019,1656,1679,24,10,1757,195640.061608999996679,2392772534.369999885559082
98,197,99,HARDEMAN,2441,30,818,3549,2740,195,983,1108,1998,516,637,134,21,742,200851.502699000004213,1802509187.819999933242798
99,199,100,HARDIN,46934,608,3417,56231,42632,3559,6891,9297,36260,2150,4578,2458,408,6372,275188.106007000023965,2315279434.590000152587891
100,201,101,HARRIS,1309593,392435,2034709,4731145,3519584,981484,2967268,3421552,1075663,1405353,2091400,712166,302348,2443921,399558.481051000009757,4586345313.779999732971191
101,203,102,HARRISON,42039,718,9839,68839,51865,14553,24107,26800,33128,6012,16669,10766,482,18737,260347.147617999988142,2363024094.340000152587891
102,205,103,HARTLEY,3403,39,1631,5382,4222,249,1861,1979,2700,1219,1433,230,34,1522,254537.267408000014257,3798594973.449999809265137
103,207,104,HASKELL,3628,43,1377,5416,4332,268,1599,1788,3005,997,1175,192,23,1327,193866.171516000002157,2350373462.619999885559082
104,209,105,HAYS,121568,10226,92871,241067,185523,13050,103966,119499,98950,65543,74214,9649,8059,86573,186451.659683000005316,1751290309.130000114440918
105,211,106,HEMPHILL,2090,39,1137,3382,2396,29,1156,1292,1621,687,691,8,20,775,194754.575947000004817,2368154774.320000171661377
106,213,107,HENDERSON,61854,794,11242,82150,64930,5694,16696,20296,50809,7234,11245,4102,578,14121,305329.017785999982152,2446758906.480000019073486
107,215,108,HIDALGO,53338,10696,800001,870781,608225,7102,803897,817443,45107,549880,552885,4605,8002,563118,346173.997658999986015,4110201539.030000209808350
108,217,109,HILL,24123,278,7884,35874,27486,2527,10291,11751,19682,4990,6656,1693,181,7804,259122.914435000013327,2542604134.469999790191650
109,219,110,HOCKLEY,9752,97,10624,21537,15937,803,11295,11785,7949,7088,7591,542,69,7988,193823.056432000012137,2347349291.489999771118164
110,221,111,HOOD,49815,755,7958,61598,49209,931,8774,11783,41276,5137,5632,544,517,7933,140116.043746000010287,1127069073.890000104904175
111,223,112,HOPKINS,25976,420,6484,36787,27871,2847,9237,10811,20634,4077,6038,1991,297,7237,235011.418053000001237,2046928421.490000009536743
112,225,113,HOUSTON,12957,186,3071,22066,17886,5462,8439,9109,10917,2207,6447,4292,132,6969,318315.379409999994095,3189117187.559999942779541
113,227,114,HOWARD,15672,561,16174,34860,26862,2113,17929,19188,12658,11985,13219,1401,395,14204,193181.000482000003103,2332803328.400000095367432
114,229,115,HUDSPETH,1094,22,2036,3202,2667,29,2049,2108,1031,1576,1587,15,20,1636,516910.531863000011072,11790045032.899999618530273
115,231,116,HUNT,65598,1552,19673,99956,76143,9374,28642,34358,52762,12378,19020,6822,1125,23381,209705.687734000006458,2277311539.420000076293945
116,233,117,HUTCHINSON,13783,200,4961,20617,15430,757,5589,6834,10917,3153,3563,432,137,4513,192895.062139999994542,2323504105.639999866485596
117,235,118,IRION,1112,23,349,1513,1184,30,369,401,882,262,272,15,13,302,208429.575795000011567,2712090815.639999866485596
118,237,119,JACK,6358,72,1521,8472,6649,350,1836,2114,5135,1029,1316,306,40,1514,196298.913579999993090,2375999763.489999771118164
119,239,120,JACKSON,8510,228,4829,14988,11340,1186,5877,6478,6899,3282,4012,767,146,4441,231628.394092000002274,2213182126.900000095367432
120,241,121,JASPER,23795,193,2198,32980,25539,5950,8107,9185,19005,1456,5694,4263,128,6534,385039.132683000003453,2501014877.940000057220459
121,243,122,JEFF DAVIS,1282,39,613,1996,1711,28,627,714,1164,463,472,18,27,547,338854.370852999971248,5840847559.189999580383301
122,245,123,JEFFERSON,96047,11256,58915,256526,195680,88504,145686,160479,80230,39717,104087,65254,8416,115450,303131.728688000002876,2871056645.619999885559082
123,247,124,JIM HOGG,414,36,4281,4838,3516,11,4287,4424,335,3077,3081,8,29,3181,239258.806795000011334,2945379695.780000209808350
124,249,125,JIM WELLS,6963,216,30835,38891,28630,414,31082,31928,5695,22115,22288,249,140,22935,258623.351936999999452,2248030030.079999923706055
125,251,126,JOHNSON,119226,2852,42613,179927,133965,8888,50684,60701,93594,27491,32984,5814,1951,40371,184578.217021999997087,1894127077.230000019073486
126,253,127,JONES,11485,158,5504,19663,16187,2187,7599,8178,9555,4302,6222,1963,107,6632,197887.938755000010133,2418618550.019999980926514
127,255,128,KARNES,5388,196,7734,14710,11855,1265,8910,9322,4614,5805,6892,1141,160,7241,204110.449936999997590,1946438185.869999885559082
128,257,129,KAUFMAN,78626,3026,36165,145310,103646,24448,59668,66684,60951,22171,37561,15754,2045,42695,204567.374442000000272,2084088452.589999914169312
129,259,130,KENDALL,31767,743,10029,44279,34179,603,10509,12512,25680,6743,7038,354,510,8499,165562.505487999995239,1710742691.619999885559082
130,261,131,KENEDY,73,10,261,350,267,12,264,277,60,202,202,6,5,207,301531.254198000009637,5045537584.949999809265137
131,263,132,KENT,657,9,81,753,608,11,86,96,532,63,68,10,6,76,192482.667673999996623,2331418548.639999866485596
132,265,133,KERR,35791,851,13598,52598,43270,1127,14502,16807,31154,9564,10250,792,613,12116,262814.422095999994781,2856753511.590000152587891
133,267,134,KIMBLE,3136,60,986,4286,3557,37,1013,1150,2713,704,731,36,56,844,249404.639705999987200,3227233370.139999866485596
134,269,135,KING,230,4,25,265,189,8,31,35,165,20,20,2,3,24,194301.272227000008570,2359726663.650000095367432
135,271,136,KINNEY,1489,46,1470,3129,2574,66,1517,1640,1332,1097,1138,42,31,1242,249868.876380000001518,3524222768.860000133514404
136,273,137,KLEBERG,6728,973,21920,31040,23791,1361,23006,24312,5678,16147,17032,1001,806,18113,271080.046809000021312,2823556206.010000228881836
137,275,138,KNOX,1935,34,1130,3353,2526,210,1309,1418,1594,709,850,142,12,932,218294.030678999988595,2210199959.869999885559082
138,277,139,LAMAR,35354,645,4412,50088,38400,7310,11570,14734,28388,2679,7723,5100,482,10012,273988.949177999980748,2410963917.659999847412109
139,279,140,LAMB,4981,41,7449,13045,9511,544,7904,8064,4064,4999,5320,350,31,5447,205465.643146999995224,2631329595.739999771118164
140,281,141,LAMPASAS,15132,512,4179,21627,16856,1079,5135,6495,12417,2739,3411,750,361,4439,201270.094952999992529,1840327563.440000057220459
141,283,142,LA SALLE,1467,28,4908,6664,5268,259,5132,5197,1332,3667,3887,238,18,3936,248805.223495000012917,3862997379.300000190734863
142,285,143,LAVACA,14564,114,3936,20337,15681,1497,5316,5773,11876,2523,3469,991,74,3805,198581.834101999993436,2505194730.190000057220459
143,287,144,LEE,10612,123,4479,17478,13173,1945,6287,6866,8632,2800,4119,1352,80,4541,229957.898083999985829,1635725731.130000114440918
144,289,145,LEON,11659,153,2446,15719,12406,1059,3469,4060,9573,1556,2364,824,103,2833,297770.537853999994695,2786901257.320000171661377
145,291,146,LIBERTY,50044,734,30797,91628,67304,8052,38563,41584,39583,19447,25439,6140,524,27721,240686.907628999993904,3034786854.750000000000000
146,293,147,LIMESTONE,12530,245,5013,22146,17094,4117,8945,9616,10439,3166,6117,2998,172,6655,198021.166492999996990,2406699845.159999847412109
147,295,148,LIPSCOMB,1786,18,1123,3059,2304,22,1140,1273,1461,737,748,15,11,843,196976.784111999993911,2423766720.530000209808350
148,297,149,LIVE OAK,5968,66,4790,11335,9296,275,5031,5367,5035,3758,3974,228,49,4261,242222.895906999998260,2789162624.289999961853027
149,299,150,LLANO,17530,194,2508,21243,18113,233,2687,3713,15459,1679,1803,149,147,2654,234407.568048999994062,2491096305.849999904632568
150,301,151,LOVING,56,3,1,64,40,3,3,8,36,0,2,2,2,4,215842.715505000000121,1744985466.720000028610229
151,303,152,LUBBOCK,154994,11533,109170,310639,237542,31107,137329,155645,126770,74950,95942,22065,9188,110772,193005.366696999990381,2327046949.750000000000000
152,305,153,LYNN,2960,34,2352,5596,4008,151,2482,2636,2201,1610,1692,87,19,1807,192310.787829999986570,2307027279.940000057220459
153,307,154,MCCULLOCH,4904,65,2369,7630,5985,197,2517,2726,4078,1643,1743,118,48,1907,254359.682965999993030,2768362475.019999980926514
154,309,155,MCLENNAN,139693,6704,68587,260579,197391,41799,107816,120886,114049,45305,73119,28777,5171,83342,211170.875039000005927,2734447171.489999771118164
155,311,156,MCMULLEN,353,13,224,600,487,17,231,247,288,181,187,10,10,199,222291.148760999989463,2990552732.789999961853027
156,313,157,MADISON,6984,131,3415,13455,10701,2724,6099,6471,5706,2541,4720,2204,98,4995,199843.738201000000117,1218408031.859999895095825
157,315,158,MARION,6869,96,389,9725,8016,2026,2380,2856,5864,249,1807,1573,62,2152,199293.732447999995202,1084848911.809999942779541
158,317,159,MARTIN,2780,34,2255,5237,3696,128,2359,2457,2067,1497,1569,83,18,1629,194371.148431999987224,2362463218.949999809265137
159,319,160,MASON,2948,21,883,3953,3202,40,909,1005,2482,632,643,25,8,720,197159.420504000008805,2404325702.070000171661377
160,321,161,MATAGORDA,15355,856,15455,36255,27147,4330,19466,20900,12736,10368,13238,2983,670,14411,332997.135597000014968,4165895464.119999885559082
161,323,162,MAVERICK,1574,295,54936,57887,40929,307,55107,56313,1235,38788,38920,205,217,39694,300276.211547999992035,3337518467.119999885559082
162,325,163,MEDINA,22324,528,25455,50748,38971,1762,26930,28424,18307,18298,19532,1362,356,20664,259577.039997000014409,3445233165.349999904632568
163,327,164,MENARD,1231,10,662,1962,1602,33,690,731,1043,501,521,24,9,559,203964.316529000003356,2326975352.329999923706055
164,329,165,MIDLAND,76487,4798,73331,169983,123134,12731,84887,93496,59513,49241,57496,8724,3223,63621,192976.635432999988552,2326557857.480000019073486
165,331,166,MILAM,15367,193,6264,24754,19070,2520,8582,9387,12699,4036,5748,1793,133,6371,235631.984714999998687,2633069566.980000019073486
166,333,167,MILLS,3498,26,728,4456,3569,52,770,958,2895,506,531,33,17,674,247428.250365000014426,1933709661.980000019073486
167,335,168,MITCHELL,4328,71,3454,8990,7215,1072,4457,4662,3563,2618,3486,887,53,3652,194539.563626999995904,2363005794.389999866485596
168,337,169,MONTAGUE,16342,129,2361,19965,15552,206,2543,3623,13134,1483,1560,90,101,2418,221213.413612000003923,2424362228.880000114440918
169,339,170,MONTGOMERY,371403,27701,164089,620443,458324,42774,203758,249040,292180,106583,133728,28578,19134,166144,278001.165149000007659,2777924201.940000057220459
170,341,171,MOORE,6499,1071,12647,21358,14944,832,13398,14859,5146,8298,8849,581,619,9798,194357.116032999998424,2361571299.880000114440918
171,343,172,MORRIS,7716,98,1182,11973,9300,2705,3850,4257,6302,697,2689,2001,63,2998,160667.916659999988042,667934255.269999980926514
172,345,173,MOTLEY,858,18,153,1063,841,18,166,205,705,91,102,12,11,136,202673.961069999990286,2559215279.030000209808350
173,347,174,NACOGDOCHES,37158,1066,13597,64653,50003,11610,24950,27495,30867,8965,17161,8329,788,19136,410139.935993999999482,2530033892.530000209808350
174,349,175,NAVARRO,26996,586,16049,52624,39248,7248,22992,25628,22074,10180,15250,5191,418,17174,248236.060119000001578,2801391600.699999809265137
175,351,176,NEWTON,9249,50,344,12217,9672,2253,2571,2968,7467,222,1895,1683,40,2205,360367.923994000011589,2423693315.920000076293945
176,353,177,NOLAN,8138,150,5354,14738,11028,953,6120,6600,6593,3557,4056,550,105,4435,194028.257481000007829,2357934364.090000152587891
177,355,178,NUECES,106165,10625,217052,353178,270056,17679,231480,247013,88880,157772,168974,12597,7851,181176,359438.153797000006307,3016424654.820000171661377
178,357,179,OCHILTREE,4245,58,5470,10015,6991,66,5510,5770,3284,3490,3516,29,35,3707,195491.113929000013741,2387037193.829999923706055
179,359,180,OLDHAM,1325,31,313,1758,1229,77,372,433,982,186,208,31,17,247,257548.391531000001123,3893377862.010000228881836
180,361,181,ORANGE,64935,1451,7265,84808,64476,8941,15988,19873,50857,4737,10726,6082,1015,13619,192863.303298999991966,979133258.294000029563904
181,363,182,PALO PINTO,20778,345,5614,28409,22038,857,6367,7631,16849,3684,4182,543,257,5189,205282.578630000003614,2543492394.099999904632568
182,365,183,PANOLA,16098,178,2190,22491,17176,3509,5633,6393,12676,1344,3940,2625,133,4500,209296.726574000000255,2118769998.910000085830688
183,367,184,PARKER,117747,1990,19819,148222,111434,2929,22473,30475,91458,12475,14106,1736,1266,19976,194058.305716000002576,2348910618.579999923706055
184,369,185,PARMER,3187,36,6504,9869,7029,137,6575,6682,2543,4355,4413,91,27,4486,191408.489394000003813,2290741544.690000057220459
185,371,186,PECOS,3473,183,10845,15193,11580,630,11376,11720,2976,7839,8338,531,139,8604,628644.475356000009924,12289160467.200000762939453
186,373,187,POLK,34808,490,7345,50123,40664,5422,12617,15315,29099,5248,9459,4280,363,11565,285357.503421999979764,2861930357.400000095367432
187,375,188,POTTER,50153,6757,45193,118525,88598,14438,58528,68372,41765,30459,39749,9678,4521,46833,195629.107744000008097,2390771728.159999847412109
188,377,189,PRESIDIO,961,102,4991,6131,4672,47,5032,5170,856,3688,3708,22,70,3816,554055.057874000049196,9948905908.620000839233398
189,379,190,RAINS,10130,103,1109,12164,9646,360,1446,2034,8229,703,936,242,84,1417,137084.200726999988547,668081210.552000045776367
190,381,191,RANDALL,95457,3550,31583,140753,106753,6592,37395,45296,76414,20601,24398,4045,2426,30339,195720.261988999991445,2389396885.480000019073486
191,383,192,REAGAN,968,44,2283,3385,2402,78,2339,2417,786,1514,1557,50,35,1616,222374.948433000012301,3032927672.460000038146973
192,385,193,REAL,1940,28,692,2758,2282,50,731,818,1706,482,501,26,15,576,192972.792722000012873,1806456752.680000066757202
193,387,194,RED RIVER,8499,97,766,11587,9279,1895,2608,3088,6988,473,1904,1453,72,2291,356916.785663000016939,2730220010.150000095367432
194,389,195,REEVES,1697,205,12510,14748,11619,332,12748,13051,1438,9739,9938,261,160,10181,475119.495363999973051,6813972153.840000152587891
195,391,196,REFUGIO,2864,61,3306,6741,5244,534,3735,3877,2399,2412,2741,374,32,2845,305432.660272000008263,2115446444.740000009536743
196,393,197,ROBERTS,717,15,50,827,626,21,65,110,556,29,40,12,2,70,196019.926302000007126,2399406148.909999847412109
197,395,198,ROBERTSON,9505,145,3528,16757,12722,3381,6789,7252,7677,2309,4683,2404,107,5045,258477.455596000014339,2232659721.030000209808350
198,397,199,ROCKWALL,70198,4533,20560,107819,78525,9772,29811,37621,53648,13181,19350,6387,3067,24877,78693.343079400001443,384432929.852999985218048
199,399,200,RUNNELS,6062,65,3354,9900,7636,252,3560,3838,4970,2283,2439,173,45,2666,208924.088783999992302,2726563869.730000019073486
200,401,201,RUSK,32022,349,9579,52214,40718,9032,18445,20192,26062,6360,13306,7019,246,14656,249574.535957999993116,2421167452.300000190734863
201,403,202,SABINE,8307,82,393,9894,8063,852,1200,1587,6911,251,827,593,64,1152,207155.359167999995407,1487117969.880000114440918
202,405,203,SAN AUGUSTINE,5270,64,639,7918,6286,1897,2487,2648,4396,394,1763,1397,37,1890,262262.653089000028558,1527542573.539999961853027
203,407,204,SAN JACINTO,19170,176,4822,27402,21447,2412,7143,8232,15714,3087,4854,1830,130,5733,225897.904309000005014,1619549933.240000009536743
204,409,205,SAN PATRICIO,26613,1278,38220,68755,51377,1725,39491,42142,21755,26738,27651,1108,874,29622,324684.671590999991167,1831322513.480000019073486
205,411,206,SAN SABA,3690,53,1749,5730,4606,150,1879,2040,3154,1211,1327,135,40,1452,319253.446002000011504,2936214039.889999866485596
206,413,207,SCHLEICHER,1102,28,1275,2451,1867,44,1296,1349,932,873,892,33,16,935,244805.319932999991579,3380282677.780000209808350
207,415,208,SCURRY,8637,140,7139,16932,12649,812,7853,8295,7010,4731,5305,600,83,5639,193350.719725000002654,2342256365.059999942779541
208,417,209,SHACKELFORD,2612,33,363,3105,2362,46,394,493,2051,228,238,18,21,311,194528.178952999995090,2362890472.650000095367432
209,419,210,SHELBY,14416,458,4685,24022,18071,4095,8702,9606,11490,2963,5920,2977,292,6581,267752.702412999991793,2152688174.309999942779541
210,421,211,SHERMAN,1362,24,1315,2782,1974,60,1354,1420,1060,841,864,36,16,914,195976.334693999990122,2399575669.719999790191650
211,423,212,SMITH,134452,5402,47281,233479,177458,41819,87936,99027,109026,30191,60116,30424,3848,68432,298442.409077999996953,2450353100.030000209808350
212,425,213,SOMERVELL,7011,93,1687,9205,6968,115,1773,2194,5543,1066,1114,60,59,1425,91703.859124900001916,494970089.124000012874603
213,427,214,STARR,1171,152,64393,65920,46110,162,64454,64749,846,45030,45085,118,104,45264,270180.633449000015389,3190182338.840000152587891
214,429,215,STEPHENS,6256,89,2204,9101,7127,327,2503,2845,5164,1459,1694,249,52,1963,194923.200436999992235,2378223420.420000076293945
215,431,216,STERLING,867,29,449,1372,1015,22,465,505,674,309,316,8,8,341,201157.718787999998312,2382016307.659999847412109
216,433,217,STONEWALL,958,9,226,1245,1003,41,256,287,812,141,165,30,9,191,195043.255569000000833,2376144096.429999828338623
217,435,218,SUTTON,1200,24,2093,3372,2555,32,2111,2172,1015,1495,1503,15,13,1540,254537.516246999992291,3751477434.989999771118164
218,437,219,SWISHER,3219,44,3147,6971,5269,524,3597,3752,2636,2153,2504,371,27,2633,193181.789576999988640,2330822337.079999923706055
219,439,220,TARRANT,904884,152028,620907,2110640,1574046,404404,1007510,1205756,738298,414177,687310,281397,111301,835748,193411.858474999986356,2332681010.489999771118164
220,441,221,TAYLOR,87316,4299,34756,143208,108565,14655,47874,55892,70531,22891,31869,9512,3075,38034,194897.744257000013022,2371751834.590000152587891
221,443,222,TERRELL,352,13,370,760,616,22,384,408,311,278,287,10,4,305,398495.749779000005219,6083158450.250000000000000
222,445,223,TERRY,4599,78,6569,11831,8582,540,7009,7232,3598,4454,4818,394,57,4984,191911.041900000011083,2300471447.510000228881836
223,447,224,THROCKMORTON,1248,8,145,1440,1128,17,156,192,1003,92,96,4,5,125,194497.935249000001932,2363846721.190000057220459
224,449,225,TITUS,13410,329,13680,31247,22655,3347,16829,17837,10954,8621,10932,2386,214,11701,205177.972761999990325,1099096631.019999980926514
225,451,226,TOM GREEN,62390,2752,47066,120003,91755,6070,52091,57613,51049,32675,36430,4174,1959,40706,352252.326273999991827,3973147010.420000076293945
226,453,227,TRAVIS,612824,122447,421110,1290188,1016490,120370,530292,677364,516527,301758,385747,90303,93487,499963,253727.264618999994127,2644104265.719999790191650
227,455,228,TRINITY,10533,100,1314,13602,10982,1269,2561,3069,8816,830,1744,923,68,2166,229085.172112000000197,1841323104.599999904632568
228,457,229,TYLER,15302,146,1520,19798,15975,2282,3771,4496,12430,1172,2966,1812,111,3545,272186.425618999986909,2413080506.659999847412109
229,459,230,UPSHUR,31287,319,3986,40892,30854,3592,7462,9605,24390,2354,4871,2557,209,6464,184866.105580000003101,1529370772.839999914169312
230,461,231,UPTON,1318,32,1797,3308,2438,120,1886,1990,1062,1222,1297,90,22,1376,227159.532502999994904,3201842153.989999771118164
231,463,232,UVALDE,6613,206,17317,24564,18480,268,17462,17951,5564,12415,12531,169,147,12916,254337.538284000009298,4023762610.760000228881836
232,465,233,VAL VERDE,7836,574,38207,47586,34971,962,38861,39750,6694,27098,27598,638,423,28277,459520.586485999985598,8341341504.949999809265137
233,467,234,VAN ZANDT,47986,481,7071,59541,45970,2018,9001,11555,38231,4482,5800,1352,320,7739,245968.632859000004828,2218203900.760000228881836
234,469,235,VICTORIA,39330,1758,42931,91319,68803,6843,48751,51989,32364,29639,33955,4655,1291,36439,286747.945024000015110,2296242131.280000209808350
235,471,236,WALKER,39823,1335,16578,76400,64843,17359,33580,36577,34638,13445,27707,14489,1101,30205,223004.045791999989888,2067172121.630000114440918
236,473,237,WALLER,23494,1063,18486,56794,43199,12827,30985,33300,18720,12106,22737,10764,707,24479,254866.328497000009520,1336120637.210000038146973
237,475,238,WARD,4506,113,6325,11644,8486,666,6847,7138,3555,4369,4734,422,70,4931,297558.362818000023253,2155680001.320000171661377
238,477,239,WASHINGTON,22023,694,6425,35805,28261,6044,12288,13782,18519,4123,8610,4556,522,9742,264443.598803000000771,1603936876.549999952316284
239,479,240,WEBB,9495,1774,254354,267114,186454,1647,255249,257619,7194,176805,177545,1182,1323,179260,492333.149902999983169,8736457086.239999771118164
240,481,241,WHARTON,18130,264,16967,41570,31314,6038,22632,23440,15012,11444,15692,4375,188,16302,255352.953983000013977,2825471666.079999923706055
241,483,242,WHEELER,3469,53,1227,4990,3773,137,1345,1521,2834,738,805,77,32,939,194999.973411999992095,2373927944.489999771118164
242,485,243,WICHITA,79694,3968,25803,129350,100692,16588,41265,49656,65394,17506,28810,11814,2905,35298,186950.086646000010660,1636043738.140000104904175
243,487,244,WILBARGER,7012,632,3734,12887,9921,1259,4910,5875,5893,2473,3372,917,424,4028,256043.478854999993928,2528633507.389999866485596
244,489,245,WILLACY,1805,211,17611,20164,15484,558,18074,18359,1574,13196,13643,482,195,13910,229111.255923999997322,2037362886.400000095367432
245,491,246,WILLIAMSON,336410,64796,147088,609017,453045,51215,193110,272607,267332,98419,130620,34588,43472,185713,251911.401630000007572,2919357513.440000057220459
246,493,247,WILSON,27877,545,19232,49753,37771,1101,20140,21876,22203,13543,14270,826,357,15568,198031.087353000009898,2087426190.519999980926514
247,495,248,WINKLER,2702,114,4732,7791,5602,210,4883,5089,2151,3192,3308,138,81,3451,196054.327071000006981,2169914317.449999809265137
248,497,249,WISE,50495,644,13694,68632,51836,1261,14767,18137,39787,8787,9482,768,423,12049,195563.962318000005325,2382225517.639999866485596
249,499,250,WOOD,35906,367,4894,44843,36551,2121,6908,8937,30105,3278,4829,1603,272,6446,228476.416289999993751,1795629474.490000009536743
250,501,251,YOAKUM,2488,72,4968,7694,5473,110,5057,5206,1977,3330,3382,56,38,3496,181902.545340999990003,2064951365.299999952316284
251,503,252,YOUNG,13409,132,3508,17867,13648,324,3790,4458,10760,2193,2373,191,87,2888,196418.972905000002356,2403548749.260000228881836
252,505,253,ZAPATA,796,41,12999,13889,9592,39,13017,13093,691,8837,8851,31,26,8901,238439.458741999987978,2742975180.510000228881836
253,507,254,ZAVALA,572,42,8944,9670,6919,133,9022,9098,442,6380,6425,68,37,6477,235281.862988999986555,3362606434.019999980926514